id,account_id,occurred_at,standard_qty,gloss_qty,poster_qty,total,standard_amt_usd,gloss_amt_usd,poster_amt_usd,total_amt_usd
1,1001,2014-12-15,313,26,21,360,1561.87,194.74,170.52,1927.13
2,1001,2015-01-13,298,26,0,324,1487.02,194.74,0,1681.76
3,1001,2015-02-12,276,42,23,341,1377.24,314.58,186.76,1878.58
4,1001,2015-03-13,282,0,420,702,1407.18,0,3410.4,4817.58
5,1001,2015-04-12,726,17,0,743,3622.74,127.33,0,3750.07
6,1001,2015-05-12,307,49,28,384,1531.93,367.01,227.36,2126.3
7,1001,2015-06-11,310,32,24,366,1546.9,239.68,194.88,1981.46
8,1001,2015-07-10,280,37,18,335,1397.2,277.13,146.16,1820.49
9,1001,2015-08-08,287,39,17,343,1432.13,292.11,138.04,1862.28
10,1001,2015-09-07,289,20,25,334,1442.11,149.8,203,1794.91
11,1001,2015-11-02,33,0,9,42,164.67,0,73.08,237.75
12,1001,2015-12-01,173,47,0,220,863.27,352.03,0,1215.3
13,1001,2015-12-31,303,26,9,338,1511.97,194.74,73.08,1779.79
14,1001,2016-01-30,497,26,0,523,2480.03,194.74,0,2674.77
15,1001,2016-02-28,300,45,6,351,1497,337.05,48.72,1882.77
16,1001,2016-03-28,295,42,164,501,1472.05,314.58,1331.68,3118.31
17,1001,2016-04-27,290,29,6,325,1447.1,217.21,48.72,1713.03
18,1001,2016-05-26,305,34,0,339,1521.95,254.66,0,1776.61
19,1001,2016-06-25,290,2,19,311,1447.1,14.98,154.28,1616.36
20,1001,2016-07-24,122,43,20,185,608.78,322.07,162.4,1093.25
21,1001,2016-08-23,303,0,14,317,1511.97,0,113.68,1625.65
22,1001,2016-09-21,320,21,31,372,1596.8,157.29,251.72,2005.81
23,1001,2016-10-20,303,20,39,362,1511.97,149.8,316.68,1978.45
24,1001,2016-11-19,316,0,15,331,1576.84,0,121.8,1698.64
25,1001,2016-12-18,323,46,7,376,1611.77,344.54,56.84,2013.15
26,1011,2015-01-01,294,22,51,367,1467.06,164.78,414.12,2045.96
27,1011,2015-01-31,272,38,23,333,1357.28,284.62,186.76,1828.66
28,1011,2015-03-01,0,59,43,102,0,441.91,349.16,791.07
29,1011,2015-03-31,310,10,12,332,1546.9,74.9,97.44,1719.24
30,1011,2015-04-29,259,0,16,275,1292.41,0,129.92,1422.33
31,1011,2015-05-29,298,17,31,346,1487.02,127.33,251.72,1866.07
32,1011,2015-06-28,214,0,17,231,1067.86,0,138.04,1205.9
33,1011,2015-07-27,324,26,20,370,1616.76,194.74,162.4,1973.9
34,1011,2015-08-25,282,19,12,313,1407.18,142.31,97.44,1646.93
35,1011,2015-09-24,348,20,50,418,1736.52,149.8,406,2292.32
36,1011,2015-10-24,412,21,5,438,2055.88,157.29,40.6,2253.77
37,1011,2015-11-23,292,36,86,414,1457.08,269.64,698.32,2425.04
38,1011,2015-12-22,288,30,5,323,1437.12,224.7,40.6,1702.42
39,1011,2016-01-20,296,31,26,353,1477.04,232.19,211.12,1920.35
40,1011,2016-02-18,302,44,0,346,1506.98,329.56,0,1836.54
41,1011,2016-03-19,280,40,45,365,1397.2,299.6,365.4,2062.2
42,1011,2016-04-17,350,13,31,394,1746.5,97.37,251.72,2095.59
43,1011,2016-05-17,304,0,14,318,1516.96,0,113.68,1630.64
44,1011,2016-06-16,289,31,20,340,1442.11,232.19,162.4,1836.7
45,1011,2016-07-16,300,33,17,350,1497,247.17,138.04,1882.21
46,1011,2016-08-15,300,194,17,511,1497,1453.06,138.04,3088.1
47,1011,2016-09-14,232,30,27,289,1157.68,224.7,219.24,1601.62
48,1011,2016-10-13,273,21,24,318,1362.27,157.29,194.88,1714.44
49,1011,2016-11-12,296,20,17,333,1477.04,149.8,138.04,1764.88
50,1011,2016-12-12,302,45,0,347,1506.98,337.05,0,1844.03
51,1021,2014-12-17,84,43,0,127,419.16,322.07,0,741.23
52,1021,2015-01-16,88,40,22,150,439.12,299.6,178.64,917.36
53,1021,2015-02-15,100,0,19,119,499,0,154.28,653.28
54,1021,2015-03-17,78,24,157,259,389.22,179.76,1274.84,1843.82
55,1021,2015-04-15,111,0,35,146,553.89,0,284.2,838.09
56,1021,2015-05-15,101,31,17,149,503.99,232.19,138.04,874.22
57,1021,2015-06-13,93,0,28,121,464.07,0,227.36,691.43
58,1021,2015-07-13,102,21,453,576,508.98,157.29,3678.36,4344.63
59,1021,2015-08-12,90,17,38,145,449.1,127.33,308.56,884.99
60,1021,2015-09-10,71,65,44,180,354.29,486.85,357.28,1198.42
61,1021,2015-10-09,98,0,25,123,489.02,0,203,692.02
62,1021,2015-11-07,104,93,32,229,518.96,696.57,259.84,1475.37
63,1021,2015-12-07,0,24,42,66,0,179.76,341.04,520.8
64,1031,2016-09-30,275,0,10,285,1372.25,0,81.2,1453.45
65,1031,2016-10-30,304,71,19,394,1516.96,531.79,154.28,2203.03
66,1031,2016-11-28,306,7,0,313,1526.94,52.43,0,1579.37
67,1031,2016-12-28,296,54,186,536,1477.04,404.46,1510.32,3391.82
68,1041,2014-12-19,88,0,20,108,439.12,0,162.4,601.52
69,1041,2015-01-17,92,20,24,136,459.08,149.8,194.88,803.76
70,1041,2015-02-16,30,24,17,71,149.7,179.76,138.04,467.5
71,1041,2015-04-17,118,18,35,171,588.82,134.82,284.2,1007.84
72,1041,2015-05-16,50,0,193,243,249.5,0,1567.16,1816.66
73,1041,2015-06-14,23,35,0,58,114.77,262.15,0,376.92
74,1041,2015-07-13,103,27,68,198,513.97,202.23,552.16,1268.36
75,1041,2015-08-12,116,24,21,161,578.84,179.76,170.52,929.12
76,1041,2015-09-11,0,22,30,52,0,164.78,243.6,408.38
77,1041,2015-10-11,84,44,39,167,419.16,329.56,316.68,1065.4
78,1041,2015-11-09,261,19,49,329,1302.39,142.31,397.88,1842.58
79,1041,2015-12-09,106,44,22,172,528.94,329.56,178.64,1037.14
80,1041,2016-01-08,79,25,876,980,394.21,187.25,7113.12,7694.58
81,1041,2016-03-07,115,23,49,187,573.85,172.27,397.88,1144
82,1041,2016-04-05,92,22,0,114,459.08,164.78,0,623.86
83,1041,2016-06-03,96,4,37,137,479.04,29.96,300.44,809.44
84,1041,2016-07-03,98,34,31,163,489.02,254.66,251.72,995.4
85,1051,2015-03-14,98,98,0,196,489.02,734.02,0,1223.04
86,1051,2015-04-12,56,38,6,100,279.44,284.62,48.72,612.78
87,1051,2015-05-11,124,36,39,199,618.76,269.64,316.68,1205.08
88,1051,2015-07-09,101,57,2,160,503.99,426.93,16.24,947.16
89,1051,2015-09-07,96,26,20,142,479.04,194.74,162.4,836.18
90,1051,2015-10-07,92,41,44,177,459.08,307.09,357.28,1123.45
91,1051,2015-11-05,97,40,36,173,484.03,299.6,292.32,1075.95
92,1051,2015-12-05,86,80,110,276,429.14,599.2,893.2,1921.54
93,1051,2016-01-04,66,0,64,130,329.34,0,519.68,849.02
94,1051,2016-02-03,107,26,0,133,533.93,194.74,0,728.67
95,1051,2016-03-03,134,44,34,212,668.66,329.56,276.08,1274.3
96,1051,2016-04-02,97,28,13,138,484.03,209.72,105.56,799.31
97,1051,2016-05-01,84,14,28,126,419.16,104.86,227.36,751.38
98,1051,2016-05-31,0,21,10,31,0,157.29,81.2,238.49
99,1051,2016-06-30,88,16,18,122,439.12,119.84,146.16,705.12
100,1051,2016-07-29,93,30,16,139,464.07,224.7,129.92,818.69
101,1051,2016-08-28,2,0,39,41,9.98,0,316.68,326.66
102,1051,2016-09-27,86,0,40,126,429.14,0,324.8,753.94
103,1051,2016-11-26,96,25,39,160,479.04,187.25,316.68,982.97
104,1051,2016-12-26,96,28,16,140,479.04,209.72,129.92,818.68
105,1061,2014-12-11,146,12,18,176,728.54,89.88,146.16,964.58
106,1061,2015-01-10,152,26,17,195,758.48,194.74,138.04,1091.26
107,1061,2015-02-08,145,6,61,212,723.55,44.94,495.32,1263.81
108,1061,2015-03-10,147,14,27,188,733.53,104.86,219.24,1057.63
109,1061,2015-04-08,152,14,0,166,758.48,104.86,0,863.34
110,1061,2015-05-07,115,98,28,241,573.85,734.02,227.36,1535.23
111,1061,2015-06-05,138,101,0,239,688.62,756.49,0,1445.11
112,1061,2015-07-05,0,7,30,37,0,52.43,243.6,296.03
113,1061,2015-08-04,171,10,5,186,853.29,74.9,40.6,968.79
114,1061,2015-09-02,149,9,0,158,743.51,67.41,0,810.92
115,1061,2015-10-02,145,11,12,168,723.55,82.39,97.44,903.38
116,1061,2015-10-31,163,14,0,177,813.37,104.86,0,918.23
117,1061,2015-11-30,101,0,0,101,503.99,0,0,503.99
118,1061,2015-12-29,121,0,0,121,603.79,0,0,603.79
119,1061,2016-01-28,149,32,8,189,743.51,239.68,64.96,1048.15
120,1061,2016-02-27,144,0,18,162,718.56,0,146.16,864.72
121,1061,2016-03-27,139,0,26,165,693.61,0,211.12,904.73
122,1061,2016-04-25,137,0,4,141,683.63,0,32.48,716.11
123,1071,2014-12-10,305,97,27,429,1521.95,726.53,219.24,2467.72
124,1071,2015-01-09,300,18,73,391,1497,134.82,592.76,2224.58
125,1071,2015-02-08,317,43,0,360,1581.83,322.07,0,1903.9
126,1071,2015-03-09,309,53,0,362,1541.91,396.97,0,1938.88
127,1071,2015-04-08,294,9,16,319,1467.06,67.41,129.92,1664.39
128,1071,2015-05-07,309,1123,56,1488,1541.91,8411.27,454.72,10407.9
129,1071,2015-06-05,313,21,14,348,1561.87,157.29,113.68,1832.84
130,1071,2015-07-04,290,47,0,337,1447.1,352.03,0,1799.13
131,1071,2015-08-02,299,32,0,331,1492.01,239.68,0,1731.69
132,1071,2015-08-31,322,57,26,405,1606.78,426.93,211.12,2244.83
133,1071,2015-09-30,352,39,0,391,1756.48,292.11,0,2048.59
134,1071,2015-10-30,309,42,22,373,1541.91,314.58,178.64,2035.13
135,1071,2015-11-29,307,31,0,338,1531.93,232.19,0,1764.12
136,1071,2015-12-29,435,37,14,486,2170.65,277.13,113.68,2561.46
137,1071,2016-01-27,305,43,40,388,1521.95,322.07,324.8,2168.82
138,1071,2016-02-26,306,25,0,331,1526.94,187.25,0,1714.19
139,1071,2016-03-27,293,49,0,342,1462.07,367.01,0,1829.08
140,1071,2016-04-25,299,20,19,338,1492.01,149.8,154.28,1796.09
141,1071,2016-06-24,290,0,22,312,1447.1,0,178.64,1625.74
142,1071,2016-07-23,532,26,4,562,2654.68,194.74,32.48,2881.9
143,1071,2016-08-21,293,29,56,378,1462.07,217.21,454.72,2134
144,1071,2016-09-19,295,30,20,345,1472.05,224.7,162.4,1859.15
145,1071,2016-10-19,293,36,43,372,1462.07,269.64,349.16,2080.87
146,1071,2016-11-18,409,0,12,421,2040.91,0,97.44,2138.35
147,1071,2016-12-18,298,29,23,350,1487.02,217.21,186.76,1890.99
148,1081,2014-12-25,482,93,17,592,2405.18,696.57,138.04,3239.79
149,1081,2015-01-24,484,17,12,513,2415.16,127.33,97.44,2639.93
150,1081,2015-02-23,477,10,0,487,2380.23,74.9,0,2455.13
151,1081,2015-03-24,502,0,12,514,2504.98,0,97.44,2602.42
152,1081,2015-04-23,488,17,5,510,2435.12,127.33,40.6,2603.05
153,1081,2015-05-22,1449,7,6,1462,7230.51,52.43,48.72,7331.66
154,1081,2015-06-20,514,13,4,531,2564.86,97.37,32.48,2694.71
155,1081,2015-07-19,370,5,92,467,1846.3,37.45,747.04,2630.79
156,1081,2015-08-17,496,39,0,535,2475.04,292.11,0,2767.15
157,1081,2015-09-15,515,0,19,534,2569.85,0,154.28,2724.13
158,1081,2015-10-14,502,3,5,510,2504.98,22.47,40.6,2568.05
159,1081,2015-11-12,498,17,35,550,2485.02,127.33,284.2,2896.55
160,1081,2015-12-11,515,41,0,556,2569.85,307.09,0,2876.94
161,1081,2016-01-09,485,13,11,509,2420.15,97.37,89.32,2606.84
162,1081,2016-02-07,517,0,17,534,2579.83,0,138.04,2717.87
163,1081,2016-03-08,508,0,16,524,2534.92,0,129.92,2664.84
164,1081,2016-04-07,486,6,19,511,2425.14,44.94,154.28,2624.36
165,1081,2016-05-06,483,23,17,523,2410.17,172.27,138.04,2720.48
166,1081,2016-06-04,506,17,44,567,2524.94,127.33,357.28,3009.55
167,1081,2016-07-03,498,11,0,509,2485.02,82.39,0,2567.41
168,1081,2016-08-02,504,8,10,522,2514.96,59.92,81.2,2656.08
169,1081,2016-09-01,485,0,17,502,2420.15,0,138.04,2558.19
170,1081,2016-10-01,507,0,13,520,2529.93,0,105.56,2635.49
171,1081,2016-10-31,495,0,2,497,2470.05,0,16.24,2486.29
172,1081,2016-11-29,512,33,0,545,2554.88,247.17,0,2802.05
173,1081,2016-12-29,502,0,0,502,2504.98,0,0,2504.98
174,1091,2014-12-05,267,24,52,343,1332.33,179.76,422.24,1934.33
175,1091,2015-01-04,293,36,14,343,1462.07,269.64,113.68,1845.39
176,1091,2015-02-03,307,54,15,376,1531.93,404.46,121.8,2058.19
177,1091,2015-03-04,292,37,12,341,1457.08,277.13,97.44,1831.65
178,1091,2015-04-03,307,24,29,360,1531.93,179.76,235.48,1947.17
179,1091,2015-05-03,301,30,0,331,1501.99,224.7,0,1726.69
180,1091,2015-07-02,293,57,20,370,1462.07,426.93,162.4,2051.4
181,1091,2015-08-01,301,0,35,336,1501.99,0,284.2,1786.19
182,1091,2015-08-30,315,0,22,337,1571.85,0,178.64,1750.49
183,1091,2015-10-28,410,28,13,451,2045.9,209.72,105.56,2361.18
184,1091,2015-11-26,311,26,27,364,1551.89,194.74,219.24,1965.87
185,1091,2015-12-26,290,43,25,358,1447.1,322.07,203,1972.17
186,1091,2016-01-25,308,38,24,370,1536.92,284.62,194.88,2016.42
187,1091,2016-02-23,392,33,0,425,1956.08,247.17,0,2203.25
188,1091,2016-03-24,300,33,28,361,1497,247.17,227.36,1971.53
189,1091,2016-04-23,312,33,30,375,1556.88,247.17,243.6,2047.65
190,1091,2016-05-23,306,50,34,390,1526.94,374.5,276.08,2177.52
191,1091,2016-06-22,299,24,25,348,1492.01,179.76,203,1874.77
192,1091,2016-07-22,289,27,98,414,1442.11,202.23,795.76,2440.1
193,1091,2016-08-20,308,37,0,345,1536.92,277.13,0,1814.05
194,1091,2016-09-19,216,28,32,276,1077.84,209.72,259.84,1547.4
195,1091,2016-10-19,276,42,28,346,1377.24,314.58,227.36,1919.18
196,1091,2016-11-18,321,50,21,392,1601.79,374.5,170.52,2146.81
197,1091,2016-12-17,300,933,14,1247,1497,6988.17,113.68,8598.85
198,1101,2016-11-25,95,27,394,516,474.05,202.23,3199.28,3875.56
199,1101,2016-12-24,98,5,19,122,489.02,37.45,154.28,680.75
200,1111,2014-12-12,306,41,18,365,1526.94,307.09,146.16,1980.19
201,1111,2015-01-11,319,26,9,354,1591.81,194.74,73.08,1859.63
202,1111,2015-02-10,287,29,35,351,1432.13,217.21,284.2,1933.54
203,1111,2015-03-11,305,33,34,372,1521.95,247.17,276.08,2045.2
204,1111,2015-04-10,306,16,0,322,1526.94,119.84,0,1646.78
205,1111,2015-05-10,306,18,5,329,1526.94,134.82,40.6,1702.36
206,1111,2015-06-09,49,220,15,284,244.51,1647.8,121.8,2014.11
207,1111,2015-07-09,292,35,1,328,1457.08,262.15,8.12,1727.35
208,1111,2015-08-08,287,399,2,688,1432.13,2988.51,16.24,4436.88
209,1111,2015-09-07,311,162,18,491,1551.89,1213.38,146.16,2911.43
210,1121,2014-12-12,493,17,100,610,2460.07,127.33,812,3399.4
211,1121,2015-01-11,461,0,1774,2235,2300.39,0,14404.88,16705.27
212,1121,2015-02-09,458,7,4,469,2285.42,52.43,32.48,2370.33
213,1121,2015-03-11,450,17,0,467,2245.5,127.33,0,2372.83
214,1121,2015-04-09,503,7,4,514,2509.97,52.43,32.48,2594.88
215,1121,2015-05-09,503,19,104,626,2509.97,142.31,844.48,3496.76
216,1121,2015-06-08,507,3,3,513,2529.93,22.47,24.36,2576.76
217,1121,2015-07-08,465,0,0,465,2320.35,0,0,2320.35
218,1121,2015-08-07,485,0,9,494,2420.15,0,73.08,2493.23
219,1121,2015-09-05,499,17,2,518,2490.01,127.33,16.24,2633.58
220,1121,2015-10-05,513,0,0,513,2559.87,0,0,2559.87
221,1121,2015-11-04,485,0,27,512,2420.15,0,219.24,2639.39
222,1121,2015-12-04,502,27,11,540,2504.98,202.23,89.32,2796.53
223,1121,2016-01-02,510,5,9,524,2544.9,37.45,73.08,2655.43
224,1121,2016-02-01,402,0,8,410,2005.98,0,64.96,2070.94
225,1121,2016-03-01,481,0,105,586,2400.19,0,852.6,3252.79
226,1121,2016-03-30,451,0,13,464,2250.49,0,105.56,2356.05
227,1121,2016-04-29,493,0,27,520,2460.07,0,219.24,2679.31
228,1121,2016-05-29,507,4,3,514,2529.93,29.96,24.36,2584.25
229,1121,2016-06-27,524,0,685,1209,2614.76,0,5562.2,8176.96
230,1121,2016-07-27,471,0,16,487,2350.29,0,129.92,2480.21
231,1121,2016-08-26,491,12,0,503,2450.09,89.88,0,2539.97
232,1121,2016-09-25,504,7,8,519,2514.96,52.43,64.96,2632.35
233,1121,2016-10-25,405,0,10,415,2020.95,0,81.2,2102.15
234,1121,2016-11-24,537,18,0,555,2679.63,134.82,0,2814.45
235,1121,2016-12-23,468,45,1230,1743,2335.32,337.05,9987.6,12659.97
236,1131,2015-04-03,502,0,12,514,2504.98,0,97.44,2602.42
237,1131,2015-05-02,500,0,25,525,2495,0,203,2698
238,1131,2015-06-01,499,0,0,499,2490.01,0,0,2490.01
239,1131,2015-06-30,504,15,34,553,2514.96,112.35,276.08,2903.39
240,1131,2015-07-29,482,6,15,503,2405.18,44.94,121.8,2571.92
241,1131,2015-08-28,497,6,13,516,2480.03,44.94,105.56,2630.53
242,1131,2015-09-26,502,76,30,608,2504.98,569.24,243.6,3317.82
243,1131,2015-10-25,497,5,0,502,2480.03,37.45,0,2517.48
244,1131,2015-11-23,494,8,62,564,2465.06,59.92,503.44,3028.42
245,1131,2015-12-22,439,72,8,519,2190.61,539.28,64.96,2794.85
246,1141,2014-12-29,158,0,44,202,788.42,0,357.28,1145.7
247,1141,2015-01-28,115,2,0,117,573.85,14.98,0,588.83
248,1141,2015-02-26,0,3,2936,2939,0,22.47,23840.32,23862.79
249,1151,2016-05-17,255,27,10,292,1272.45,202.23,81.2,1555.88
250,1151,2016-06-15,329,31,16,376,1641.71,232.19,129.92,2003.82
251,1151,2016-07-15,290,38,0,328,1447.1,284.62,0,1731.72
252,1151,2016-08-13,202,17,79,298,1007.98,127.33,641.48,1776.79
253,1151,2016-09-11,310,29,0,339,1546.9,217.21,0,1764.11
254,1151,2016-10-10,289,39,27,355,1442.11,292.11,219.24,1953.46
255,1151,2016-11-09,338,0,53,391,1686.62,0,430.36,2116.98
256,1151,2016-12-08,291,87,25,403,1452.09,651.63,203,2306.72
257,1161,2016-03-22,489,4,0,493,2440.11,29.96,0,2470.07
258,1161,2016-04-21,489,12,0,501,2440.11,89.88,0,2529.99
259,1161,2016-05-21,586,4,8,598,2924.14,29.96,64.96,3019.06
260,1161,2016-06-19,500,0,107,607,2495,0,868.84,3363.84
261,1161,2016-07-18,507,6,49,562,2529.93,44.94,397.88,2972.75
262,1161,2016-08-17,499,11,10,520,2490.01,82.39,81.2,2653.6
263,1161,2016-09-15,543,10,55,608,2709.57,74.9,446.6,3231.07
264,1161,2016-10-15,503,4,65,572,2509.97,29.96,527.8,3067.73
265,1161,2016-11-13,565,0,0,565,2819.35,0,0,2819.35
266,1161,2016-12-12,513,5,20,538,2559.87,37.45,162.4,2759.72
267,1171,2014-12-18,142,34,10,186,708.58,254.66,81.2,1044.44
268,1171,2015-01-16,146,8,0,154,728.54,59.92,0,788.46
269,1171,2015-02-14,300,10,18,328,1497,74.9,146.16,1718.06
270,1171,2015-03-16,142,0,4,146,708.58,0,32.48,741.06
271,1171,2015-04-14,194,5,4,203,968.06,37.45,32.48,1037.99
272,1171,2015-05-14,152,21,56,229,758.48,157.29,454.72,1370.49
273,1171,2015-06-12,156,0,0,156,778.44,0,0,778.44
274,1181,2014-12-13,528,0,6,534,2634.72,0,48.72,2683.44
275,1181,2015-01-11,499,0,23,522,2490.01,0,186.76,2676.77
276,1181,2015-02-09,500,27,40,567,2495,202.23,324.8,3022.03
277,1181,2015-03-11,435,6,71,512,2170.65,44.94,576.52,2792.11
278,1181,2015-04-09,540,16,10,566,2694.6,119.84,81.2,2895.64
279,1181,2015-05-09,495,0,0,495,2470.05,0,0,2470.05
280,1181,2015-06-08,471,224,41,736,2350.29,1677.76,332.92,4360.97
281,1181,2015-07-08,482,9,9,500,2405.18,67.41,73.08,2545.67
282,1181,2015-08-06,496,76,307,879,2475.04,569.24,2492.84,5537.12
283,1181,2015-09-05,510,11,8,529,2544.9,82.39,64.96,2692.25
284,1181,2015-10-05,664,29,6,699,3313.36,217.21,48.72,3579.29
285,1181,2015-11-04,521,73,0,594,2599.79,546.77,0,3146.56
286,1181,2015-12-03,500,19,0,519,2495,142.31,0,2637.31
287,1181,2016-01-02,491,8,14,513,2450.09,59.92,113.68,2623.69
288,1181,2016-01-31,495,10,0,505,2470.05,74.9,0,2544.95
289,1181,2016-02-29,493,5,15,513,2460.07,37.45,121.8,2619.32
290,1181,2016-03-30,93,239,53,385,464.07,1790.11,430.36,2684.54
291,1181,2016-04-28,641,24,31,696,3198.59,179.76,251.72,3630.07
292,1181,2016-05-28,465,3,15,483,2320.35,22.47,121.8,2464.62
293,1181,2016-06-26,423,15,19,457,2110.77,112.35,154.28,2377.4
294,1181,2016-07-26,505,17,1,523,2519.95,127.33,8.12,2655.4
295,1181,2016-08-24,506,68,24,598,2524.94,509.32,194.88,3229.14
296,1181,2016-10-22,485,2,9,496,2420.15,14.98,73.08,2508.21
297,1181,2016-11-21,492,9,8,509,2455.08,67.41,64.96,2587.45
298,1181,2016-12-21,535,0,16,551,2669.65,0,129.92,2799.57
299,1191,2014-12-29,332,21,19,372,1656.68,157.29,154.28,1968.25
300,1191,2015-01-27,288,30,16,334,1437.12,224.7,129.92,1791.74
301,1191,2015-02-25,305,14,28,347,1521.95,104.86,227.36,1854.17
302,1191,2015-03-26,340,43,13,396,1696.6,322.07,105.56,2124.23
303,1191,2015-04-25,298,29,68,395,1487.02,217.21,552.16,2256.39
304,1191,2015-05-25,323,0,21,344,1611.77,0,170.52,1782.29
305,1191,2015-06-23,304,35,125,464,1516.96,262.15,1015,2794.11
306,1191,2015-07-23,297,162,3,462,1482.03,1213.38,24.36,2719.77
307,1191,2015-08-21,303,20,19,342,1511.97,149.8,154.28,1816.05
308,1191,2015-09-20,291,48,18,357,1452.09,359.52,146.16,1957.77
309,1191,2015-10-20,307,0,17,324,1531.93,0,138.04,1669.97
310,1191,2015-11-19,264,22,20,306,1317.36,164.78,162.4,1644.54
311,1191,2015-12-19,317,44,6,367,1581.83,329.56,48.72,1960.11
312,1191,2016-01-17,300,39,0,339,1497,292.11,0,1789.11
313,1191,2016-02-15,257,27,19,303,1282.43,202.23,154.28,1638.94
314,1191,2016-03-15,312,315,91,718,1556.88,2359.35,738.92,4655.15
315,1191,2016-04-14,297,34,20,351,1482.03,254.66,162.4,1899.09
316,1191,2016-05-13,302,41,93,436,1506.98,307.09,755.16,2569.23
317,1191,2016-06-11,354,40,19,413,1766.46,299.6,154.28,2220.34
318,1191,2016-07-11,301,38,0,339,1501.99,284.62,0,1786.61
319,1191,2016-08-09,311,26,6,343,1551.89,194.74,48.72,1795.35
320,1191,2016-09-08,294,30,0,324,1467.06,224.7,0,1691.76
321,1191,2016-10-08,323,7,29,359,1611.77,52.43,235.48,1899.68
322,1191,2016-11-06,292,49,31,372,1457.08,367.01,251.72,2075.81
323,1191,2016-12-06,302,32,38,372,1506.98,239.68,308.56,2055.22
324,1201,2014-12-06,301,31,0,332,1501.99,232.19,0,1734.18
325,1201,2015-01-04,291,45,13,349,1452.09,337.05,105.56,1894.7
326,1201,2015-02-02,306,52,0,358,1526.94,389.48,0,1916.42
327,1201,2015-03-04,298,33,24,355,1487.02,247.17,194.88,1929.07
328,1201,2015-04-02,293,24,21,338,1462.07,179.76,170.52,1812.35
329,1201,2015-05-01,293,24,0,317,1462.07,179.76,0,1641.83
330,1201,2015-05-31,274,31,124,429,1367.26,232.19,1006.88,2606.33
331,1201,2015-06-29,314,51,16,381,1566.86,381.99,129.92,2078.77
332,1201,2015-07-29,310,25,18,353,1546.9,187.25,146.16,1880.31
333,1201,2015-08-27,305,39,2117,2461,1521.95,292.11,17190.04,19004.1
334,1201,2015-09-26,276,25,0,301,1377.24,187.25,0,1564.49
335,1211,2016-11-16,0,0,27,27,0,0,219.24,219.24
336,1211,2016-12-16,293,30,0,323,1462.07,224.7,0,1686.77
337,1221,2014-12-15,496,4,10,510,2475.04,29.96,81.2,2586.2
338,1221,2015-01-14,505,11,12,528,2519.95,82.39,97.44,2699.78
339,1221,2015-02-13,503,0,0,503,2509.97,0,0,2509.97
340,1221,2015-03-14,514,11,11,536,2564.86,82.39,89.32,2736.57
341,1221,2015-04-13,546,58,8,612,2724.54,434.42,64.96,3223.92
342,1221,2015-05-12,464,100,34,598,2315.36,749,276.08,3340.44
343,1221,2015-06-11,476,10,34,520,2375.24,74.9,276.08,2726.22
344,1221,2015-07-10,502,80,0,582,2504.98,599.2,0,3104.18
345,1221,2015-08-09,507,14,14,535,2529.93,104.86,113.68,2748.47
346,1221,2015-09-07,474,7,0,481,2365.26,52.43,0,2417.69
347,1221,2015-10-06,492,0,0,492,2455.08,0,0,2455.08
348,1221,2015-11-04,495,0,3,498,2470.05,0,24.36,2494.41
349,1221,2015-12-04,527,14,4,545,2629.73,104.86,32.48,2767.07
350,1221,2016-01-02,310,18,8,336,1546.9,134.82,64.96,1746.68
351,1221,2016-02-01,524,131,4,659,2614.76,981.19,32.48,3628.43
352,1221,2016-03-01,505,0,17,522,2519.95,0,138.04,2657.99
353,1221,2016-03-30,501,320,3,824,2499.99,2396.8,24.36,4921.15
354,1221,2016-04-28,496,12,16,524,2475.04,89.88,129.92,2694.84
355,1221,2016-05-27,504,9,6,519,2514.96,67.41,48.72,2631.09
356,1221,2016-06-25,457,59,19,535,2280.43,441.91,154.28,2876.62
357,1221,2016-07-24,578,35,4,617,2884.22,262.15,32.48,3178.85
358,1221,2016-08-23,428,0,1,429,2135.72,0,8.12,2143.84
359,1221,2016-09-22,495,17,10,522,2470.05,127.33,81.2,2678.58
360,1221,2016-10-21,519,16,22,557,2589.81,119.84,178.64,2888.29
361,1221,2016-11-20,519,16,31,566,2589.81,119.84,251.72,2961.37
362,1221,2016-12-19,584,5,0,589,2914.16,37.45,0,2951.61
363,1231,2014-12-30,271,0,217,488,1352.29,0,1762.04,3114.33
364,1231,2015-01-28,323,31,30,384,1611.77,232.19,243.6,2087.56
365,1231,2015-02-26,336,27,14,377,1676.64,202.23,113.68,1992.55
366,1231,2015-03-28,287,27,20,334,1432.13,202.23,162.4,1796.76
367,1241,2016-12-09,293,0,47,340,1462.07,0,381.64,1843.71
368,1251,2016-11-01,104,12,80,196,518.96,89.88,649.6,1258.44
369,1251,2016-12-01,108,15,38,161,538.92,112.35,308.56,959.83
370,1251,2016-12-30,93,48,74,215,464.07,359.52,600.88,1424.47
371,1261,2014-12-31,364,0,32,396,1816.36,0,259.84,2076.2
372,1261,2015-01-30,210,19,0,229,1047.9,142.31,0,1190.21
373,1261,2015-02-28,133,9,0,142,663.67,67.41,0,731.08
374,1271,2015-01-01,99,2,79,180,494.01,14.98,641.48,1150.47
375,1271,2015-01-31,107,0,36,143,533.93,0,292.32,826.25
376,1271,2015-03-01,110,35,0,145,548.9,262.15,0,811.05
377,1271,2015-03-31,131,0,5,136,653.69,0,40.6,694.29
378,1281,2014-12-20,305,37,11,353,1521.95,277.13,89.32,1888.4
379,1281,2015-01-18,166,31,0,197,828.34,232.19,0,1060.53
380,1281,2015-02-17,310,27,31,368,1546.9,202.23,251.72,2000.85
381,1281,2015-03-18,295,22,20,337,1472.05,164.78,162.4,1799.23
382,1281,2015-04-17,329,18,0,347,1641.71,134.82,0,1776.53
383,1281,2015-05-16,585,52,16,653,2919.15,389.48,129.92,3438.55
384,1281,2015-06-15,297,18,9,324,1482.03,134.82,73.08,1689.93
385,1281,2015-07-14,341,8,0,349,1701.59,59.92,0,1761.51
386,1281,2015-08-12,300,39,16,355,1497,292.11,129.92,1919.03
387,1281,2015-09-10,0,11,186,197,0,82.39,1510.32,1592.71
388,1281,2015-10-09,304,43,32,379,1516.96,322.07,259.84,2098.87
389,1281,2015-11-08,299,37,0,336,1492.01,277.13,0,1769.14
390,1281,2015-12-07,231,49,17,297,1152.69,367.01,138.04,1657.74
391,1281,2016-01-05,302,42,37,381,1506.98,314.58,300.44,2122
392,1281,2016-02-03,235,30,16,281,1172.65,224.7,129.92,1527.27
393,1281,2016-03-04,316,31,18,365,1576.84,232.19,146.16,1955.19
394,1281,2016-04-03,299,22,20,341,1492.01,164.78,162.4,1819.19
395,1281,2016-05-03,297,27,13,337,1482.03,202.23,105.56,1789.82
396,1281,2016-06-02,0,34,0,34,0,254.66,0,254.66
397,1281,2016-07-02,306,23,13,342,1526.94,172.27,105.56,1804.77
398,1281,2016-07-31,304,37,229,570,1516.96,277.13,1859.48,3653.57
399,1281,2016-08-30,284,24,0,308,1417.16,179.76,0,1596.92
400,1281,2016-09-29,290,41,16,347,1447.1,307.09,129.92,1884.11
401,1281,2016-10-28,304,104,20,428,1516.96,778.96,162.4,2458.32
402,1281,2016-11-27,220,32,13,265,1097.8,239.68,105.56,1443.04
403,1281,2016-12-27,399,52,21,472,1991.01,389.48,170.52,2551.01
404,1291,2016-04-24,292,34,14,340,1457.08,254.66,113.68,1825.42
405,1291,2016-05-24,309,65,20,394,1541.91,486.85,162.4,2191.16
406,1291,2016-06-22,311,36,10,357,1551.89,269.64,81.2,1902.73
407,1291,2016-07-21,308,27,24,359,1536.92,202.23,194.88,1934.03
408,1291,2016-08-20,313,23,0,336,1561.87,172.27,0,1734.14
409,1291,2016-09-19,301,0,63,364,1501.99,0,511.56,2013.55
410,1291,2016-10-18,308,206,6,520,1536.92,1542.94,48.72,3128.58
411,1291,2016-11-17,306,30,26,362,1526.94,224.7,211.12,1962.76
412,1291,2016-12-17,423,38,17,478,2110.77,284.62,138.04,2533.43
413,1301,2016-12-26,490,29,3,522,2445.1,217.21,24.36,2686.67
414,1311,2014-12-30,101,31,0,132,503.99,232.19,0,736.18
415,1311,2015-01-29,102,36,34,172,508.98,269.64,276.08,1054.7
416,1311,2015-03-29,90,37,46,173,449.1,277.13,373.52,1099.75
417,1311,2015-04-27,115,33,0,148,573.85,247.17,0,821.02
418,1311,2015-05-27,90,36,25,151,449.1,269.64,203,921.74
419,1311,2015-06-26,109,29,26,164,543.91,217.21,211.12,972.24
420,1311,2015-07-26,91,25,61,177,454.09,187.25,495.32,1136.66
421,1311,2015-08-24,51,17,26,94,254.49,127.33,211.12,592.94
422,1311,2015-09-22,84,56,47,187,419.16,419.44,381.64,1220.24
423,1311,2015-10-21,0,32,31,63,0,239.68,251.72,491.4
424,1311,2015-11-19,99,36,30,165,494.01,269.64,243.6,1007.25
425,1311,2015-12-18,82,23,25,130,409.18,172.27,203,784.45
426,1321,2017-01-01,100,28,33,161,499,209.72,267.96,976.68
427,1331,2014-12-05,108,43,23,174,538.92,322.07,186.76,1047.75
428,1331,2015-01-03,68,190,15,273,339.32,1423.1,121.8,1884.22
429,1331,2015-02-01,79,149,0,228,394.21,1116.01,0,1510.22
430,1331,2015-03-02,85,8,61,154,424.15,59.92,495.32,979.39
431,1331,2015-04-01,96,0,27,123,479.04,0,219.24,698.28
432,1331,2015-05-01,55,3,36,94,274.45,22.47,292.32,589.24
433,1331,2015-05-30,153,29,72,254,763.47,217.21,584.64,1565.32
434,1331,2015-06-28,663,38,23,724,3308.37,284.62,186.76,3779.75
435,1331,2015-08-27,66,5,43,114,329.34,37.45,349.16,715.95
436,1341,2014-12-24,314,27,28,369,1566.86,202.23,227.36,1996.45
437,1341,2015-01-23,300,26,14,340,1497,194.74,113.68,1805.42
438,1341,2015-02-21,254,45,24,323,1267.46,337.05,194.88,1799.39
439,1341,2015-03-22,215,34,20,269,1072.85,254.66,162.4,1489.91
440,1341,2015-04-20,410,19,23,452,2045.9,142.31,186.76,2374.97
441,1351,2014-12-28,211,0,6,217,1052.89,0,48.72,1101.61
442,1351,2015-01-26,322,49,15,386,1606.78,367.01,121.8,2095.59
443,1351,2015-02-25,301,38,48,387,1501.99,284.62,389.76,2176.37
444,1351,2015-03-26,332,82,32,446,1656.68,614.18,259.84,2530.7
445,1351,2015-04-25,292,95,16,403,1457.08,711.55,129.92,2298.55
446,1351,2015-05-25,293,41,17,351,1462.07,307.09,138.04,1907.2
447,1351,2015-06-24,274,41,17,332,1367.26,307.09,138.04,1812.39
448,1351,2015-07-24,311,426,23,760,1551.89,3190.74,186.76,4929.39
449,1351,2015-08-23,308,124,0,432,1536.92,928.76,0,2465.68
450,1351,2015-09-22,319,78,0,397,1591.81,584.22,0,2176.03
451,1351,2015-10-21,288,29,42,359,1437.12,217.21,341.04,1995.37
452,1351,2015-11-20,490,48,11,549,2445.1,359.52,89.32,2893.94
453,1351,2015-12-20,302,34,0,336,1506.98,254.66,0,1761.64
454,1351,2016-01-19,296,190,19,505,1477.04,1423.1,154.28,3054.42
455,1351,2016-02-17,310,17,22,349,1546.9,127.33,178.64,1852.87
456,1351,2016-03-18,294,27,0,321,1467.06,202.23,0,1669.29
457,1351,2016-04-17,282,0,24,306,1407.18,0,194.88,1602.06
458,1351,2016-05-16,278,26,20,324,1387.22,194.74,162.4,1744.36
459,1351,2016-06-15,367,35,22,424,1831.33,262.15,178.64,2272.12
460,1351,2016-07-15,257,48,16,321,1282.43,359.52,129.92,1771.87
461,1351,2016-08-14,232,38,26,296,1157.68,284.62,211.12,1653.42
462,1351,2016-09-12,318,14,2936,3268,1586.82,104.86,23840.32,25532
463,1351,2016-10-12,300,61,37,398,1497,456.89,300.44,2254.33
464,1351,2016-11-10,280,34,30,344,1397.2,254.66,243.6,1895.46
465,1351,2016-12-10,302,33,11,346,1506.98,247.17,89.32,1843.47
466,1361,2014-12-30,295,27,37,359,1472.05,202.23,300.44,1974.72
467,1361,2015-01-28,284,33,31,348,1417.16,247.17,251.72,1916.05
468,1361,2015-02-27,305,25,23,353,1521.95,187.25,186.76,1895.96
469,1361,2015-03-29,293,15,0,308,1462.07,112.35,0,1574.42
470,1361,2015-04-28,287,0,23,310,1432.13,0,186.76,1618.89
471,1361,2015-05-27,277,141,19,437,1382.23,1056.09,154.28,2592.6
472,1361,2015-06-25,300,25,34,359,1497,187.25,276.08,1960.33
473,1361,2015-07-24,308,35,29,372,1536.92,262.15,235.48,2034.55
474,1361,2015-08-23,322,37,15,374,1606.78,277.13,121.8,2005.71
475,1361,2015-09-22,302,47,19,368,1506.98,352.03,154.28,2013.29
476,1361,2015-10-21,297,0,0,297,1482.03,0,0,1482.03
477,1361,2015-11-19,309,25,10,344,1541.91,187.25,81.2,1810.36
478,1361,2015-12-19,307,12,0,319,1531.93,89.88,0,1621.81
479,1361,2016-01-17,287,31,17,335,1432.13,232.19,138.04,1802.36
480,1361,2016-02-16,307,21,33,361,1531.93,157.29,267.96,1957.18
481,1361,2016-03-16,429,77,9,515,2140.71,576.73,73.08,2790.52
482,1361,2016-04-15,300,76,0,376,1497,569.24,0,2066.24
483,1361,2016-05-15,301,25,0,326,1501.99,187.25,0,1689.24
484,1361,2016-06-14,415,46,0,461,2070.85,344.54,0,2415.39
485,1361,2016-07-14,885,32,8,925,4416.15,239.68,64.96,4720.79
486,1361,2016-08-12,287,7,36,330,1432.13,52.43,292.32,1776.88
487,1361,2016-09-11,309,25,17,351,1541.91,187.25,138.04,1867.2
488,1361,2016-10-10,303,32,31,366,1511.97,239.68,251.72,2003.37
489,1371,2014-12-11,501,8,4,513,2499.99,59.92,32.48,2592.39
490,1371,2015-01-10,510,7,0,517,2544.9,52.43,0,2597.33
491,1371,2015-02-09,495,0,18,513,2470.05,0,146.16,2616.21
492,1371,2015-03-11,493,7,0,500,2460.07,52.43,0,2512.5
493,1371,2015-04-09,487,0,7,494,2430.13,0,56.84,2486.97
494,1371,2015-05-09,570,14,4,588,2844.3,104.86,32.48,2981.64
495,1371,2015-06-08,494,171,18,683,2465.06,1280.79,146.16,3892.01
496,1371,2015-07-07,510,495,7,1012,2544.9,3707.55,56.84,6309.29
497,1371,2015-08-06,494,18,0,512,2465.06,134.82,0,2599.88
498,1371,2015-09-05,503,19,0,522,2509.97,142.31,0,2652.28
499,1371,2015-10-05,502,0,14,516,2504.98,0,113.68,2618.66
500,1371,2015-11-03,561,0,9,570,2799.39,0,73.08,2872.47
501,1371,2015-12-03,507,0,25,532,2529.93,0,203,2732.93
502,1381,2016-10-19,336,6,22,364,1676.64,44.94,178.64,1900.22
503,1381,2016-11-17,295,0,0,295,1472.05,0,0,1472.05
504,1381,2016-12-17,288,38,14,340,1437.12,284.62,113.68,1835.42
505,1391,2016-12-18,83,41,7,131,414.17,307.09,56.84,778.1
506,1401,2016-11-11,287,27,8,322,1432.13,202.23,64.96,1699.32
507,1401,2016-12-11,295,60,31,386,1472.05,449.4,251.72,2173.17
508,1411,2014-12-29,494,22,93,609,2465.06,164.78,755.16,3385
509,1411,2015-01-28,449,0,24,473,2240.51,0,194.88,2435.39
510,1411,2015-02-27,488,0,37,525,2435.12,0,300.44,2735.56
511,1411,2015-03-28,495,10,17,522,2470.05,74.9,138.04,2682.99
512,1411,2015-04-27,513,0,15,528,2559.87,0,121.8,2681.67
513,1411,2015-05-27,498,17,407,922,2485.02,127.33,3304.84,5917.19
514,1411,2015-06-26,521,547,1,1069,2599.79,4097.03,8.12,6704.94
515,1411,2015-07-26,505,13,5,523,2519.95,97.37,40.6,2657.92
516,1411,2015-08-25,506,172,0,678,2524.94,1288.28,0,3813.22
517,1411,2015-09-23,511,26,0,537,2549.89,194.74,0,2744.63
518,1411,2015-10-22,498,21,0,519,2485.02,157.29,0,2642.31
519,1411,2015-11-20,481,0,1,482,2400.19,0,8.12,2408.31
520,1411,2015-12-20,479,14,15,508,2390.21,104.86,121.8,2616.87
521,1411,2016-01-19,0,0,14,14,0,0,113.68,113.68
522,1411,2016-02-17,527,121,5,653,2629.73,906.29,40.6,3576.62
523,1411,2016-03-17,498,18,15,531,2485.02,134.82,121.8,2741.64
524,1411,2016-04-15,486,0,22,508,2425.14,0,178.64,2603.78
525,1411,2016-05-14,510,0,8,518,2544.9,0,64.96,2609.86
526,1411,2016-06-13,536,33,45,614,2674.64,247.17,365.4,3287.21
527,1411,2016-07-13,519,13,13,545,2589.81,97.37,105.56,2792.74
528,1411,2016-08-11,455,0,0,455,2270.45,0,0,2270.45
529,1411,2016-09-09,503,42,20,565,2509.97,314.58,162.4,2986.95
530,1411,2016-10-08,511,1,306,818,2549.89,7.49,2484.72,5042.1
531,1411,2016-11-06,505,5,0,510,2519.95,37.45,0,2557.4
532,1411,2016-12-06,419,8,31,458,2090.81,59.92,251.72,2402.45
533,1421,2014-12-31,71,32,26,129,354.29,239.68,211.12,805.09
534,1421,2015-01-29,84,44,31,159,419.16,329.56,251.72,1000.44
535,1421,2015-02-28,99,37,48,184,494.01,277.13,389.76,1160.9
536,1421,2015-03-30,53,19,0,72,264.47,142.31,0,406.78
537,1421,2015-04-29,94,247,27,368,469.06,1850.03,219.24,2538.33
538,1421,2015-05-29,139,26,33,198,693.61,194.74,267.96,1156.31
539,1421,2015-06-28,93,34,32,159,464.07,254.66,259.84,978.57
540,1421,2015-07-28,172,8,0,180,858.28,59.92,0,918.2
541,1431,2014-12-17,125,112,93,330,623.75,838.88,755.16,2217.79
542,1441,2014-12-25,448,0,0,448,2235.52,0,0,2235.52
543,1441,2015-01-24,495,4,0,499,2470.05,29.96,0,2500.01
544,1441,2015-02-22,587,0,15,602,2929.13,0,121.8,3050.93
545,1441,2015-03-23,369,12,3,384,1841.31,89.88,24.36,1955.55
546,1441,2015-04-22,492,9,10,511,2455.08,67.41,81.2,2603.69
547,1441,2015-05-22,504,10,26,540,2514.96,74.9,211.12,2800.98
548,1441,2015-06-20,486,3,0,489,2425.14,22.47,0,2447.61
549,1441,2015-07-19,489,14,12,515,2440.11,104.86,97.44,2642.41
550,1441,2015-08-18,515,19,10,544,2569.85,142.31,81.2,2793.36
551,1441,2015-09-17,488,0,10,498,2435.12,0,81.2,2516.32
552,1441,2015-10-16,491,0,13,504,2450.09,0,105.56,2555.65
553,1441,2015-11-15,490,7,2,499,2445.1,52.43,16.24,2513.77
554,1441,2015-12-14,506,12,22,540,2524.94,89.88,178.64,2793.46
555,1441,2016-01-13,497,0,5,502,2480.03,0,40.6,2520.63
556,1441,2016-02-11,462,27,0,489,2305.38,202.23,0,2507.61
557,1441,2016-03-11,0,0,61,61,0,0,495.32,495.32
558,1441,2016-04-09,497,15,13,525,2480.03,112.35,105.56,2697.94
559,1441,2016-05-09,499,15,10,524,2490.01,112.35,81.2,2683.56
560,1441,2016-06-08,177,0,0,177,883.23,0,0,883.23
561,1441,2016-07-07,502,27,7,536,2504.98,202.23,56.84,2764.05
562,1441,2016-08-05,490,4,0,494,2445.1,29.96,0,2475.06
563,1441,2016-09-04,502,0,4,506,2504.98,0,32.48,2537.46
564,1441,2016-10-04,515,14,24,553,2569.85,104.86,194.88,2869.59
565,1441,2016-11-03,488,13,0,501,2435.12,97.37,0,2532.49
566,1441,2016-12-03,469,0,12,481,2340.31,0,97.44,2437.75
567,1451,2014-12-05,506,11,142,659,2524.94,82.39,1153.04,3760.37
568,1451,2015-01-03,486,0,7,493,2425.14,0,56.84,2481.98
569,1451,2015-02-02,500,0,23,523,2495,0,186.76,2681.76
570,1451,2015-03-03,515,13,13,541,2569.85,97.37,105.56,2772.78
571,1451,2015-04-02,514,135,2,651,2564.86,1011.15,16.24,3592.25
572,1451,2015-05-01,491,0,17,508,2450.09,0,138.04,2588.13
573,1451,2015-05-30,491,12,6,509,2450.09,89.88,48.72,2588.69
574,1451,2015-06-29,460,29,42,531,2295.4,217.21,341.04,2853.65
575,1451,2015-07-29,487,1,0,488,2430.13,7.49,0,2437.62
576,1451,2015-08-27,552,0,14,566,2754.48,0,113.68,2868.16
577,1451,2015-09-25,472,10,0,482,2355.28,74.9,0,2430.18
578,1451,2015-10-25,498,11,6,515,2485.02,82.39,48.72,2616.13
579,1451,2015-11-24,431,142,25,598,2150.69,1063.58,203,3417.27
580,1451,2015-12-24,499,0,7,506,2490.01,0,56.84,2546.85
581,1451,2016-01-23,520,25,5,550,2594.8,187.25,40.6,2822.65
582,1451,2016-02-21,529,12,0,541,2639.71,89.88,0,2729.59
583,1451,2016-03-22,500,9,0,509,2495,67.41,0,2562.41
584,1451,2016-04-21,504,22,0,526,2514.96,164.78,0,2679.74
585,1451,2016-05-21,497,3,0,500,2480.03,22.47,0,2502.5
586,1451,2016-06-20,478,13,4,495,2385.22,97.37,32.48,2515.07
587,1451,2016-07-19,514,27,0,541,2564.86,202.23,0,2767.09
588,1451,2016-08-17,526,11,0,537,2624.74,82.39,0,2707.13
589,1451,2016-09-15,531,0,1,532,2649.69,0,8.12,2657.81
590,1451,2016-10-14,500,13,9,522,2495,97.37,73.08,2665.45
591,1451,2016-11-13,485,4,6,495,2420.15,29.96,48.72,2498.83
592,1451,2016-12-13,532,33,0,565,2654.68,247.17,0,2901.85
593,1461,2014-12-31,307,17,0,324,1531.93,127.33,0,1659.26
594,1461,2015-01-30,306,16,355,677,1526.94,119.84,2882.6,4529.38
595,1461,2015-03-01,676,78,0,754,3373.24,584.22,0,3957.46
596,1461,2015-03-31,298,25,6,329,1487.02,187.25,48.72,1722.99
597,1461,2015-04-30,359,27,13,399,1791.41,202.23,105.56,2099.2
598,1461,2015-05-30,300,39,16,355,1497,292.11,129.92,1919.03
599,1461,2015-06-28,298,82,7,387,1487.02,614.18,56.84,2158.04
600,1461,2015-07-28,289,31,229,549,1442.11,232.19,1859.48,3533.78
601,1461,2015-08-26,312,13,0,325,1556.88,97.37,0,1654.25
602,1461,2015-09-24,305,466,17,788,1521.95,3490.34,138.04,5150.33
603,1461,2015-10-24,293,23,0,316,1462.07,172.27,0,1634.34
604,1461,2015-11-22,291,41,0,332,1452.09,307.09,0,1759.18
605,1461,2015-12-22,327,29,19,375,1631.73,217.21,154.28,2003.22
606,1461,2016-01-20,281,24,13,318,1402.19,179.76,105.56,1687.51
607,1461,2016-02-19,321,18,17,356,1601.79,134.82,138.04,1874.65
608,1461,2016-03-19,291,116,0,407,1452.09,868.84,0,2320.93
609,1461,2016-04-17,329,13,16,358,1641.71,97.37,129.92,1869
610,1461,2016-05-17,298,0,15,313,1487.02,0,121.8,1608.82
611,1461,2016-06-16,295,0,14,309,1472.05,0,113.68,1585.73
612,1461,2016-07-16,301,47,38,386,1501.99,352.03,308.56,2162.58
613,1461,2016-08-15,268,1292,32,1592,1337.32,9677.08,259.84,11274.24
614,1461,2016-09-13,362,42,24,428,1806.38,314.58,194.88,2315.84
615,1461,2016-10-12,281,0,0,281,1402.19,0,0,1402.19
616,1461,2016-11-11,303,0,19,322,1511.97,0,154.28,1666.25
617,1471,2014-12-09,507,29,0,536,2529.93,217.21,0,2747.14
618,1471,2015-01-08,504,0,10,514,2514.96,0,81.2,2596.16
619,1471,2015-02-07,497,11,48,556,2480.03,82.39,389.76,2952.18
620,1471,2015-03-09,511,14,35,560,2549.89,104.86,284.2,2938.95
621,1471,2015-04-07,493,0,3,496,2460.07,0,24.36,2484.43
622,1471,2015-05-07,0,3,10,13,0,22.47,81.2,103.67
623,1471,2015-06-05,494,11,29,534,2465.06,82.39,235.48,2782.93
624,1471,2015-07-05,571,30,17,618,2849.29,224.7,138.04,3212.03
625,1471,2015-08-03,500,11,21,532,2495,82.39,170.52,2747.91
626,1471,2015-09-02,505,10,14,529,2519.95,74.9,113.68,2708.53
627,1471,2015-10-01,629,4,45,678,3138.71,29.96,365.4,3534.07
628,1471,2015-10-31,545,12,7,564,2719.55,89.88,56.84,2866.27
629,1471,2015-11-29,507,8,16,531,2529.93,59.92,129.92,2719.77
630,1471,2015-12-28,480,0,16,496,2395.2,0,129.92,2525.12
631,1471,2016-01-26,496,27,8,531,2475.04,202.23,64.96,2742.23
632,1471,2016-02-25,156,1,12,169,778.44,7.49,97.44,883.37
633,1471,2016-03-26,445,6,25,476,2220.55,44.94,203,2468.49
634,1471,2016-04-24,505,45,0,550,2519.95,337.05,0,2857
635,1471,2016-05-23,489,13,10,512,2440.11,97.37,81.2,2618.68
636,1471,2016-06-21,549,54,17,620,2739.51,404.46,138.04,3282.01
637,1471,2016-07-21,519,13,11,543,2589.81,97.37,89.32,2776.5
638,1471,2016-08-19,457,0,9,466,2280.43,0,73.08,2353.51
639,1471,2016-09-18,507,16,12,535,2529.93,119.84,97.44,2747.21
640,1471,2016-10-18,498,10,0,508,2485.02,74.9,0,2559.92
641,1471,2016-11-16,507,0,39,546,2529.93,0,316.68,2846.61
642,1471,2016-12-16,514,6,64,584,2564.86,44.94,519.68,3129.48
643,1481,2014-12-08,136,0,14,150,678.64,0,113.68,792.32
644,1481,2015-01-07,0,0,0,0,0,0,0,0
645,1481,2015-02-05,156,10,8,174,778.44,74.9,64.96,918.3
646,1481,2015-03-07,147,15,0,162,733.53,112.35,0,845.88
647,1481,2015-04-06,165,7,11,183,823.35,52.43,89.32,965.1
648,1481,2015-05-05,240,0,22,262,1197.6,0,178.64,1376.24
649,1481,2015-06-04,186,12,27,225,928.14,89.88,219.24,1237.26
650,1491,2015-01-02,61,89,58,208,304.39,666.61,470.96,1441.96
651,1491,2015-01-31,53,37,31,121,264.47,277.13,251.72,793.32
652,1491,2015-03-02,108,0,77,185,538.92,0,625.24,1164.16
653,1491,2015-04-01,124,24,27,175,618.76,179.76,219.24,1017.76
654,1491,2015-04-30,114,83,31,228,568.86,621.67,251.72,1442.25
655,1491,2015-05-30,124,25,7,156,618.76,187.25,56.84,862.85
656,1501,2014-12-16,266,33,28,327,1327.34,247.17,227.36,1801.87
657,1501,2015-01-15,300,0,28,328,1497,0,227.36,1724.36
658,1501,2015-02-13,297,36,18,351,1482.03,269.64,146.16,1897.83
659,1501,2015-03-14,305,22,14,341,1521.95,164.78,113.68,1800.41
660,1501,2015-04-13,294,25,2,321,1467.06,187.25,16.24,1670.55
661,1501,2015-05-13,399,50,15,464,1991.01,374.5,121.8,2487.31
662,1501,2015-06-12,311,62,18,391,1551.89,464.38,146.16,2162.43
663,1501,2015-07-11,281,0,20,301,1402.19,0,162.4,1564.59
664,1501,2015-08-09,259,260,25,544,1292.41,1947.4,203,3442.81
665,1501,2015-09-08,309,206,22,537,1541.91,1542.94,178.64,3263.49
666,1501,2015-10-08,303,0,0,303,1511.97,0,0,1511.97
667,1501,2015-11-06,284,38,0,322,1417.16,284.62,0,1701.78
668,1501,2015-12-05,415,35,15,465,2070.85,262.15,121.8,2454.8
669,1501,2016-01-03,281,22,21,324,1402.19,164.78,170.52,1737.49
670,1501,2016-02-01,303,30,14,347,1511.97,224.7,113.68,1850.35
671,1501,2016-03-02,289,29,64,382,1442.11,217.21,519.68,2179
672,1501,2016-04-01,300,26,23,349,1497,194.74,186.76,1878.5
673,1501,2016-04-30,291,38,0,329,1452.09,284.62,0,1736.71
674,1501,2016-05-29,93,51,34,178,464.07,381.99,276.08,1122.14
675,1501,2016-06-27,327,47,72,446,1631.73,352.03,584.64,2568.4
676,1501,2016-07-27,303,98,0,401,1511.97,734.02,0,2245.99
677,1501,2016-08-26,310,8,24,342,1546.9,59.92,194.88,1801.7
678,1501,2016-09-25,298,20,17,335,1487.02,149.8,138.04,1774.86
679,1501,2016-10-24,293,26,52,371,1462.07,194.74,422.24,2079.05
680,1501,2016-11-22,297,0,0,297,1482.03,0,0,1482.03
681,1501,2016-12-21,291,0,25,316,1452.09,0,203,1655.09
682,1511,2014-12-06,303,0,3,306,1511.97,0,24.36,1536.33
683,1511,2015-01-04,255,33,67,355,1272.45,247.17,544.04,2063.66
684,1521,2014-12-19,144,10,17,171,718.56,74.9,138.04,931.5
685,1521,2015-01-17,177,33,17,227,883.23,247.17,138.04,1268.44
686,1521,2015-02-15,143,4,7,154,713.57,29.96,56.84,800.37
687,1521,2015-04-15,0,187,0,187,0,1400.63,0,1400.63
688,1521,2015-05-15,168,0,0,168,838.32,0,0,838.32
689,1521,2015-06-14,144,0,0,144,718.56,0,0,718.56
690,1521,2015-08-12,164,20,1,185,818.36,149.8,8.12,976.28
691,1531,2015-05-29,316,0,2,318,1576.84,0,16.24,1593.08
692,1531,2015-06-28,540,3,60,603,2694.6,22.47,487.2,3204.27
693,1531,2015-07-28,849,0,8,857,4236.51,0,64.96,4301.47
694,1531,2015-08-26,498,19,52,569,2485.02,142.31,422.24,3049.57
695,1531,2015-09-24,497,16,152,665,2480.03,119.84,1234.24,3834.11
696,1531,2015-10-23,498,17,0,515,2485.02,127.33,0,2612.35
697,1531,2015-11-21,539,0,0,539,2689.61,0,0,2689.61
698,1531,2015-12-20,498,10,79,587,2485.02,74.9,641.48,3201.4
699,1531,2016-01-19,502,0,0,502,2504.98,0,0,2504.98
700,1531,2016-02-17,500,5,4,509,2495,37.45,32.48,2564.93
701,1531,2016-03-17,504,0,27,531,2514.96,0,219.24,2734.2
702,1531,2016-04-15,532,13,4,549,2654.68,97.37,32.48,2784.53
703,1531,2016-05-15,523,2,15,540,2609.77,14.98,121.8,2746.55
704,1531,2016-06-13,574,38,15,627,2864.26,284.62,121.8,3270.68
705,1531,2016-07-12,474,19,12,505,2365.26,142.31,97.44,2605.01
706,1531,2016-08-10,495,6,23,524,2470.05,44.94,186.76,2701.75
707,1531,2016-09-08,543,0,29,572,2709.57,0,235.48,2945.05
708,1531,2016-10-08,510,20,0,530,2544.9,149.8,0,2694.7
709,1531,2016-11-07,503,8,2,513,2509.97,59.92,16.24,2586.13
710,1531,2016-12-07,503,34,0,537,2509.97,254.66,0,2764.63
711,1541,2015-08-05,97,18,51,166,484.03,134.82,414.12,1032.97
712,1541,2015-09-04,107,28,112,247,533.93,209.72,909.44,1653.09
713,1541,2015-10-04,82,30,43,155,409.18,224.7,349.16,983.04
714,1541,2015-11-02,92,30,17,139,459.08,224.7,138.04,821.82
715,1541,2015-12-01,103,33,133,269,513.97,247.17,1079.96,1841.1
716,1541,2015-12-30,104,42,26,172,518.96,314.58,211.12,1044.66
717,1541,2016-01-29,104,23,40,167,518.96,172.27,324.8,1016.03
718,1541,2016-02-27,0,25,28,53,0,187.25,227.36,414.61
719,1541,2016-03-27,216,44,40,300,1077.84,329.56,324.8,1732.2
720,1541,2016-04-25,102,7,0,109,508.98,52.43,0,561.41
721,1541,2016-05-25,98,40,21,159,489.02,299.6,170.52,959.14
722,1551,2014-12-04,289,50,9,348,1442.11,374.5,73.08,1889.69
723,1551,2015-01-02,302,0,12,314,1506.98,0,97.44,1604.42
724,1551,2015-01-31,293,29,3,325,1462.07,217.21,24.36,1703.64
725,1551,2015-03-01,504,24,9,537,2514.96,179.76,73.08,2767.8
726,1551,2015-03-30,295,4,24,323,1472.05,29.96,194.88,1696.89
727,1551,2015-04-28,313,48,39,400,1561.87,359.52,316.68,2238.07
728,1551,2015-05-27,336,0,15,351,1676.64,0,121.8,1798.44
729,1551,2015-06-25,291,27,17,335,1452.09,202.23,138.04,1792.36
730,1551,2015-07-25,261,49,19,329,1302.39,367.01,154.28,1823.68
731,1551,2015-08-23,305,14,0,319,1521.95,104.86,0,1626.81
732,1551,2015-09-22,280,30,0,310,1397.2,224.7,0,1621.9
733,1551,2015-10-22,301,30,11,342,1501.99,224.7,89.32,1816.01
734,1551,2015-11-21,285,64,21,370,1422.15,479.36,170.52,2072.03
735,1551,2015-12-21,287,0,17,304,1432.13,0,138.04,1570.17
736,1551,2016-01-20,293,25,23,341,1462.07,187.25,186.76,1836.08
737,1551,2016-02-18,303,24,38,365,1511.97,179.76,308.56,2000.29
738,1551,2016-03-19,273,47,20,340,1362.27,352.03,162.4,1876.7
739,1551,2016-04-18,312,62,31,405,1556.88,464.38,251.72,2272.98
740,1551,2016-05-17,297,38,41,376,1482.03,284.62,332.92,2099.57
741,1551,2016-06-16,274,3,4,281,1367.26,22.47,32.48,1422.21
742,1551,2016-07-15,0,36,35,71,0,269.64,284.2,553.84
743,1551,2016-08-14,301,18,21,340,1501.99,134.82,170.52,1807.33
744,1551,2016-09-13,308,0,31,339,1536.92,0,251.72,1788.64
745,1551,2016-10-13,304,0,20,324,1516.96,0,162.4,1679.36
746,1551,2016-11-11,290,41,25,356,1447.1,307.09,203,1957.19
747,1551,2016-12-11,293,20,14,327,1462.07,149.8,113.68,1725.55
748,1561,2014-12-27,539,0,0,539,2689.61,0,0,2689.61
749,1561,2015-01-26,494,96,17,607,2465.06,719.04,138.04,3322.14
750,1561,2015-02-24,471,26,1,498,2350.29,194.74,8.12,2553.15
751,1561,2015-03-25,498,11,3,512,2485.02,82.39,24.36,2591.77
752,1561,2015-04-24,495,7,5,507,2470.05,52.43,40.6,2563.08
753,1561,2015-05-23,438,24,8,470,2185.62,179.76,64.96,2430.34
754,1561,2015-06-22,496,37,13,546,2475.04,277.13,105.56,2857.73
755,1561,2015-07-22,504,13,0,517,2514.96,97.37,0,2612.33
756,1561,2015-08-21,501,19,12,532,2499.99,142.31,97.44,2739.74
757,1561,2015-09-19,489,108,28,625,2440.11,808.92,227.36,3476.39
758,1561,2015-10-19,501,6,997,1504,2499.99,44.94,8095.64,10640.57
759,1561,2015-11-17,525,8,0,533,2619.75,59.92,0,2679.67
760,1561,2015-12-17,497,12,5,514,2480.03,89.88,40.6,2610.51
761,1561,2016-01-16,506,15,0,521,2524.94,112.35,0,2637.29
762,1561,2016-02-14,498,61,3,562,2485.02,456.89,24.36,2966.27
763,1561,2016-03-15,501,0,8,509,2499.99,0,64.96,2564.95
764,1561,2016-04-13,503,13,1,517,2509.97,97.37,8.12,2615.46
765,1561,2016-05-13,523,93,8,624,2609.77,696.57,64.96,3371.3
766,1561,2016-06-12,458,0,0,458,2285.42,0,0,2285.42
767,1561,2016-07-12,501,90,9,600,2499.99,674.1,73.08,3247.17
768,1561,2016-08-10,496,7,8,511,2475.04,52.43,64.96,2592.43
769,1561,2016-09-08,493,20,8,521,2460.07,149.8,64.96,2674.83
770,1561,2016-10-08,493,0,14,507,2460.07,0,113.68,2573.75
771,1561,2016-11-07,505,94,13,612,2519.95,704.06,105.56,3329.57
772,1561,2016-12-07,533,0,37,570,2659.67,0,300.44,2960.11
773,1571,2014-12-14,518,10,14,542,2584.82,74.9,113.68,2773.4
774,1571,2015-01-12,503,2,12,517,2509.97,14.98,97.44,2622.39
775,1571,2015-02-11,502,0,12,514,2504.98,0,97.44,2602.42
776,1571,2015-03-13,510,0,0,510,2544.9,0,0,2544.9
777,1571,2015-04-12,498,34,15,547,2485.02,254.66,121.8,2861.48
778,1571,2015-05-11,525,35,134,694,2619.75,262.15,1088.08,3969.98
779,1571,2015-06-09,505,0,16,521,2519.95,0,129.92,2649.87
780,1571,2015-07-08,493,1,0,494,2460.07,7.49,0,2467.56
781,1571,2015-08-06,537,27,26,590,2679.63,202.23,211.12,3092.98
782,1571,2015-09-05,495,0,0,495,2470.05,0,0,2470.05
783,1571,2015-10-04,496,35,5,536,2475.04,262.15,40.6,2777.79
784,1571,2015-11-03,498,0,19,517,2485.02,0,154.28,2639.3
785,1571,2015-12-02,510,15,8,533,2544.9,112.35,64.96,2722.21
786,1571,2016-01-01,497,2,13,512,2480.03,14.98,105.56,2600.57
787,1571,2016-01-31,493,11,19,523,2460.07,82.39,154.28,2696.74
788,1571,2016-03-01,439,3,15,457,2190.61,22.47,121.8,2334.88
789,1571,2016-03-31,509,12,40,561,2539.91,89.88,324.8,2954.59
790,1571,2016-04-29,507,111,0,618,2529.93,831.39,0,3361.32
791,1571,2016-05-28,493,25,14,532,2460.07,187.25,113.68,2761
792,1571,2016-06-27,507,7,16,530,2529.93,52.43,129.92,2712.28
793,1571,2016-07-26,506,16,2,524,2524.94,119.84,16.24,2661.02
794,1571,2016-08-24,499,57,3,559,2490.01,426.93,24.36,2941.3
795,1571,2016-09-23,518,18,29,565,2584.82,134.82,235.48,2955.12
796,1571,2016-10-22,485,3,14,502,2420.15,22.47,113.68,2556.3
797,1571,2016-11-20,479,18,0,497,2390.21,134.82,0,2525.03
798,1571,2016-12-19,504,0,33,537,2514.96,0,267.96,2782.92
799,1581,2014-12-13,134,7,0,141,668.66,52.43,0,721.09
800,1581,2015-01-12,173,0,83,256,863.27,0,673.96,1537.23
801,1581,2015-02-11,148,24,35,207,738.52,179.76,284.2,1202.48
802,1581,2015-03-13,148,21,181,350,738.52,157.29,1469.72,2365.53
803,1581,2015-04-12,380,32,21,433,1896.2,239.68,170.52,2306.4
804,1581,2015-05-12,173,10,9,192,863.27,74.9,73.08,1011.25
805,1591,2016-08-24,38,14,0,52,189.62,104.86,0,294.48
806,1591,2016-09-22,146,21,73,240,728.54,157.29,592.76,1478.59
807,1591,2016-10-22,0,17,7,24,0,127.33,56.84,184.17
808,1591,2016-11-20,136,19,13,168,678.64,142.31,105.56,926.51
809,1591,2016-12-19,129,9,442,580,643.71,67.41,3589.04,4300.16
810,1601,2014-12-22,512,20,11,543,2554.88,149.8,89.32,2794
811,1601,2015-01-21,494,5,8,507,2465.06,37.45,64.96,2567.47
812,1601,2015-02-19,504,31,0,535,2514.96,232.19,0,2747.15
813,1601,2015-03-21,500,7,0,507,2495,52.43,0,2547.43
814,1601,2015-04-19,493,0,5,498,2460.07,0,40.6,2500.67
815,1601,2015-05-18,498,0,12,510,2485.02,0,97.44,2582.46
816,1601,2015-06-17,487,12,0,499,2430.13,89.88,0,2520.01
817,1601,2015-07-16,503,5,30,538,2509.97,37.45,243.6,2791.02
818,1601,2015-08-15,490,38,5,533,2445.1,284.62,40.6,2770.32
819,1601,2015-11-12,490,9,0,499,2445.1,67.41,0,2512.51
820,1601,2015-12-12,492,0,152,644,2455.08,0,1234.24,3689.32
821,1601,2016-01-10,1244,26,20,1290,6207.56,194.74,162.4,6564.7
822,1601,2016-02-09,496,20,0,516,2475.04,149.8,0,2624.84
823,1601,2016-03-10,499,12,20,531,2490.01,89.88,162.4,2742.29
824,1601,2016-04-09,430,0,0,430,2145.7,0,0,2145.7
825,1601,2016-05-08,492,52,21,565,2455.08,389.48,170.52,3015.08
826,1601,2016-06-06,485,76,13,574,2420.15,569.24,105.56,3094.95
827,1601,2016-07-05,496,0,21,517,2475.04,0,170.52,2645.56
828,1601,2016-08-04,515,2,6,523,2569.85,14.98,48.72,2633.55
829,1601,2016-09-02,482,9,17,508,2405.18,67.41,138.04,2610.63
830,1601,2016-10-01,498,6,10,514,2485.02,44.94,81.2,2611.16
831,1601,2016-10-30,538,2,39,579,2684.62,14.98,316.68,3016.28
832,1601,2016-11-29,466,24,0,490,2325.34,179.76,0,2505.1
833,1601,2016-12-28,494,0,0,494,2465.06,0,0,2465.06
834,1611,2014-12-26,149,12,0,161,743.51,89.88,0,833.39
835,1611,2015-01-24,353,0,630,983,1761.47,0,5115.6,6877.07
836,1611,2015-02-22,122,4,0,126,608.78,29.96,0,638.74
837,1611,2015-03-24,153,0,9,162,763.47,0,73.08,836.55
838,1611,2015-04-23,149,216,16,381,743.51,1617.84,129.92,2491.27
839,1611,2015-05-22,134,18,21,173,668.66,134.82,170.52,974
840,1611,2015-06-20,200,12,472,684,998,89.88,3832.64,4920.52
841,1621,2016-04-15,304,27,21,352,1516.96,202.23,170.52,1889.71
842,1621,2016-05-14,294,29,29,352,1467.06,217.21,235.48,1919.75
843,1621,2016-06-13,302,20,0,322,1506.98,149.8,0,1656.78
844,1621,2016-08-11,309,34,19,362,1541.91,254.66,154.28,1950.85
845,1621,2016-09-09,300,36,27,363,1497,269.64,219.24,1985.88
846,1621,2016-10-09,314,28,0,342,1566.86,209.72,0,1776.58
847,1621,2016-11-08,302,59,55,416,1506.98,441.91,446.6,2395.49
848,1621,2016-12-08,288,32,21,341,1437.12,239.68,170.52,1847.32
849,1631,2014-12-31,292,31,36,359,1457.08,232.19,292.32,1981.59
850,1631,2015-01-30,298,25,27,350,1487.02,187.25,219.24,1893.51
851,1631,2015-03-01,292,36,0,328,1457.08,269.64,0,1726.72
852,1631,2015-03-30,312,21,20,353,1556.88,157.29,162.4,1876.57
853,1631,2015-04-28,299,63,29,391,1492.01,471.87,235.48,2199.36
854,1631,2015-05-27,292,34,28,354,1457.08,254.66,227.36,1939.1
855,1631,2015-06-26,333,39,0,372,1661.67,292.11,0,1953.78
856,1631,2015-07-26,290,0,22,312,1447.1,0,178.64,1625.74
857,1631,2015-08-25,293,26,18,337,1462.07,194.74,146.16,1802.97
858,1631,2015-09-24,266,32,71,369,1327.34,239.68,576.52,2143.54
859,1631,2015-10-24,46,32,37,115,229.54,239.68,300.44,769.66
860,1631,2015-11-22,300,31,23,354,1497,232.19,186.76,1915.95
861,1631,2015-12-22,289,18,20,327,1442.11,134.82,162.4,1739.33
862,1631,2016-01-20,313,0,11,324,1561.87,0,89.32,1651.19
863,1631,2016-02-18,230,36,16,282,1147.7,269.64,129.92,1547.26
864,1631,2016-03-19,289,45,0,334,1442.11,337.05,0,1779.16
865,1631,2016-04-17,304,43,9,356,1516.96,322.07,73.08,1912.11
866,1641,2014-12-16,149,0,3,152,743.51,0,24.36,767.87
867,1651,2016-11-18,236,59,21,316,1177.64,441.91,170.52,1790.07
868,1651,2016-12-17,297,21,16,334,1482.03,157.29,129.92,1769.24
869,1661,2015-12-05,467,191,9,667,2330.33,1430.59,73.08,3834
870,1661,2016-01-03,487,0,50,537,2430.13,0,406,2836.13
871,1661,2016-02-01,471,39,1,511,2350.29,292.11,8.12,2650.52
872,1661,2016-03-02,493,27,13,533,2460.07,202.23,105.56,2767.86
873,1661,2016-04-01,500,1,27,528,2495,7.49,219.24,2721.73
874,1661,2016-04-30,505,0,0,505,2519.95,0,0,2519.95
875,1661,2016-05-30,516,0,18,534,2574.84,0,146.16,2721
876,1661,2016-06-28,489,1,111,601,2440.11,7.49,901.32,3348.92
877,1661,2016-07-28,522,16,16,554,2604.78,119.84,129.92,2854.54
878,1661,2016-08-27,502,34,7,543,2504.98,254.66,56.84,2816.48
879,1661,2016-09-26,511,28,22,561,2549.89,209.72,178.64,2938.25
880,1661,2016-10-25,531,23,28,582,2649.69,172.27,227.36,3049.32
881,1661,2016-11-23,510,0,6,516,2544.9,0,48.72,2593.62
882,1661,2016-12-22,512,21,0,533,2554.88,157.29,0,2712.17
883,1671,2014-12-13,507,5,9,521,2529.93,37.45,73.08,2640.46
884,1671,2015-01-12,506,0,0,506,2524.94,0,0,2524.94
885,1671,2015-02-11,511,6,35,552,2549.89,44.94,284.2,2879.03
886,1671,2015-03-12,507,3,28,538,2529.93,22.47,227.36,2779.76
887,1671,2015-04-11,477,27,21,525,2380.23,202.23,170.52,2752.98
888,1671,2015-05-11,505,2,1,508,2519.95,14.98,8.12,2543.05
889,1671,2015-06-09,493,10,6,509,2460.07,74.9,48.72,2583.69
890,1671,2015-07-08,454,0,11,465,2265.46,0,89.32,2354.78
891,1671,2015-08-07,502,11,137,650,2504.98,82.39,1112.44,3699.81
892,1671,2015-09-06,499,0,14,513,2490.01,0,113.68,2603.69
893,1671,2015-10-05,494,0,29,523,2465.06,0,235.48,2700.54
894,1671,2015-11-03,505,40,0,545,2519.95,299.6,0,2819.55
895,1671,2015-12-02,497,17,3,517,2480.03,127.33,24.36,2631.72
896,1671,2016-01-01,509,25,0,534,2539.91,187.25,0,2727.16
897,1671,2016-01-31,503,0,15,518,2509.97,0,121.8,2631.77
898,1671,2016-03-01,441,35,0,476,2200.59,262.15,0,2462.74
899,1671,2016-03-30,479,0,12,491,2390.21,0,97.44,2487.65
900,1671,2016-04-28,501,19,0,520,2499.99,142.31,0,2642.3
901,1671,2016-05-28,482,37,32,551,2405.18,277.13,259.84,2942.15
902,1671,2016-06-27,498,6,8,512,2485.02,44.94,64.96,2594.92
903,1671,2016-07-27,499,12,21,532,2490.01,89.88,170.52,2750.41
904,1671,2016-08-25,505,27,3,535,2519.95,202.23,24.36,2746.54
905,1671,2016-09-23,513,66,16,595,2559.87,494.34,129.92,3184.13
906,1671,2016-10-22,505,7,25,537,2519.95,52.43,203,2775.38
907,1671,2016-11-21,446,0,23,469,2225.54,0,186.76,2412.3
908,1671,2016-12-21,463,36,0,499,2310.37,269.64,0,2580.01
909,1681,2014-12-11,425,23,0,448,2120.75,172.27,0,2293.02
910,1681,2015-01-09,300,45,25,370,1497,337.05,203,2037.05
911,1681,2015-02-08,314,19,13,346,1566.86,142.31,105.56,1814.73
912,1681,2015-03-09,306,52,1,359,1526.94,389.48,8.12,1924.54
913,1681,2015-04-07,308,26,25,359,1536.92,194.74,203,1934.66
914,1681,2015-05-06,289,35,14,338,1442.11,262.15,113.68,1817.94
915,1681,2015-06-05,289,30,9,328,1442.11,224.7,73.08,1739.89
916,1681,2015-07-05,306,31,4,341,1526.94,232.19,32.48,1791.61
917,1681,2015-08-03,336,24,0,360,1676.64,179.76,0,1856.4
918,1681,2015-09-02,319,0,29,348,1591.81,0,235.48,1827.29
919,1681,2015-10-02,330,26,41,397,1646.7,194.74,332.92,2174.36
920,1681,2015-10-31,356,8,19,383,1776.44,59.92,154.28,1990.64
921,1681,2015-11-30,275,21,20,316,1372.25,157.29,162.4,1691.94
922,1681,2015-12-30,297,0,17,314,1482.03,0,138.04,1620.07
923,1681,2016-01-29,309,37,8,354,1541.91,277.13,64.96,1884
924,1681,2016-02-27,301,31,17,349,1501.99,232.19,138.04,1872.22
925,1681,2016-03-27,290,268,12,570,1447.1,2007.32,97.44,3551.86
926,1681,2016-04-25,307,37,5,349,1531.93,277.13,40.6,1849.66
927,1681,2016-05-25,316,43,36,395,1576.84,322.07,292.32,2191.23
928,1681,2016-06-24,275,43,20,338,1372.25,322.07,162.4,1856.72
929,1681,2016-07-24,294,25,16,335,1467.06,187.25,129.92,1784.23
930,1681,2016-08-23,326,31,18,375,1626.74,232.19,146.16,2005.09
931,1681,2016-09-21,293,24,20,337,1462.07,179.76,162.4,1804.23
932,1681,2016-10-20,308,88,19,415,1536.92,659.12,154.28,2350.32
933,1681,2016-11-18,324,71,27,422,1616.76,531.79,219.24,2367.79
934,1681,2016-12-18,291,53,13,357,1452.09,396.97,105.56,1954.62
935,1691,2016-08-10,288,37,17,342,1437.12,277.13,138.04,1852.29
936,1691,2016-09-08,313,37,12,362,1561.87,277.13,97.44,1936.44
937,1691,2016-10-07,290,57,38,385,1447.1,426.93,308.56,2182.59
938,1691,2016-11-06,315,49,30,394,1571.85,367.01,243.6,2182.46
939,1691,2016-12-05,0,0,0,0,0,0,0,0
940,1701,2014-12-17,412,16,14,442,2055.88,119.84,113.68,2289.4
941,1701,2015-01-16,485,2,13,500,2420.15,14.98,105.56,2540.69
942,1701,2015-02-15,494,17,2,513,2465.06,127.33,16.24,2608.63
943,1701,2015-03-17,485,15,0,500,2420.15,112.35,0,2532.5
944,1701,2015-04-16,592,21,26,639,2954.08,157.29,211.12,3322.49
945,1701,2015-05-15,495,0,0,495,2470.05,0,0,2470.05
946,1701,2015-06-13,501,5,0,506,2499.99,37.45,0,2537.44
947,1701,2015-07-13,500,9,12,521,2495,67.41,97.44,2659.85
948,1701,2015-08-11,501,12,0,513,2499.99,89.88,0,2589.87
949,1701,2015-09-09,482,12,6,500,2405.18,89.88,48.72,2543.78
950,1701,2015-10-09,516,26,37,579,2574.84,194.74,300.44,3070.02
951,1701,2015-11-07,505,14,47,566,2519.95,104.86,381.64,3006.45
952,1701,2015-12-07,489,25,14,528,2440.11,187.25,113.68,2741.04
953,1701,2016-01-06,567,1,0,568,2829.33,7.49,0,2836.82
954,1711,2014-12-06,477,8,7,492,2380.23,59.92,56.84,2496.99
955,1711,2015-01-04,495,0,0,495,2470.05,0,0,2470.05
956,1711,2015-02-03,493,11,16,520,2460.07,82.39,129.92,2672.38
957,1711,2015-03-04,517,7,24,548,2579.83,52.43,194.88,2827.14
958,1711,2015-04-03,499,15,0,514,2490.01,112.35,0,2602.36
959,1711,2015-05-02,490,19,0,509,2445.1,142.31,0,2587.41
960,1711,2015-05-31,476,47,35,558,2375.24,352.03,284.2,3011.47
961,1711,2015-06-29,570,23,22,615,2844.3,172.27,178.64,3195.21
962,1711,2015-07-29,508,13,0,521,2534.92,97.37,0,2632.29
963,1711,2015-08-28,494,38,0,532,2465.06,284.62,0,2749.68
964,1711,2015-09-26,484,9,0,493,2415.16,67.41,0,2482.57
965,1711,2015-10-26,502,27,17,546,2504.98,202.23,138.04,2845.25
966,1711,2015-11-24,499,12,3,514,2490.01,89.88,24.36,2604.25
967,1711,2015-12-24,506,1,2,509,2524.94,7.49,16.24,2548.67
968,1711,2016-01-23,501,14,9,524,2499.99,104.86,73.08,2677.93
969,1711,2016-02-22,506,37,44,587,2524.94,277.13,357.28,3159.35
970,1711,2016-03-23,497,5,1,503,2480.03,37.45,8.12,2525.6
971,1711,2016-04-21,498,42,24,564,2485.02,314.58,194.88,2994.48
972,1711,2016-05-20,501,0,0,501,2499.99,0,0,2499.99
973,1711,2016-06-19,525,14,19,558,2619.75,104.86,154.28,2878.89
974,1711,2016-07-18,470,22,68,560,2345.3,164.78,552.16,3062.24
975,1711,2016-08-16,510,3,54,567,2544.9,22.47,438.48,3005.85
976,1711,2016-09-15,501,9,0,510,2499.99,67.41,0,2567.4
977,1711,2016-10-15,492,1,7,500,2455.08,7.49,56.84,2519.41
978,1711,2016-11-13,512,9,0,521,2554.88,67.41,0,2622.29
979,1711,2016-12-12,488,18,0,506,2435.12,134.82,0,2569.94
980,1721,2014-12-15,103,125,16,244,513.97,936.25,129.92,1580.14
981,1721,2015-01-14,127,0,32,159,633.73,0,259.84,893.57
982,1721,2015-03-13,295,47,0,342,1472.05,352.03,0,1824.08
983,1721,2015-04-11,65,22,31,118,324.35,164.78,251.72,740.85
984,1721,2015-05-10,109,65,0,174,543.91,486.85,0,1030.76
985,1721,2015-06-09,78,76,34,188,389.22,569.24,276.08,1234.54
986,1721,2015-07-08,49,84,16,149,244.51,629.16,129.92,1003.59
987,1721,2015-08-07,71,45,0,116,354.29,337.05,0,691.34
988,1721,2015-09-05,94,34,31,159,469.06,254.66,251.72,975.44
989,1721,2015-10-04,83,167,21,271,414.17,1250.83,170.52,1835.52
990,1721,2015-11-03,95,26,30,151,474.05,194.74,243.6,912.39
991,1721,2015-12-02,83,29,24,136,414.17,217.21,194.88,826.26
992,1721,2016-01-01,0,40,50,90,0,299.6,406,705.6
993,1721,2016-01-30,64,25,49,138,319.36,187.25,397.88,904.49
994,1721,2016-02-29,123,36,33,192,613.77,269.64,267.96,1151.37
995,1721,2016-03-29,109,6,43,158,543.91,44.94,349.16,938.01
996,1721,2016-04-28,27,5,23,55,134.73,37.45,186.76,358.94
997,1731,2014-12-25,93,21,160,274,464.07,157.29,1299.2,1920.56
998,1731,2015-01-24,114,142,87,343,568.86,1063.58,706.44,2338.88
999,1731,2015-02-23,85,36,16,137,424.15,269.64,129.92,823.71
1000,1731,2015-03-24,108,19,33,160,538.92,142.31,267.96,949.19
1001,1731,2015-04-22,153,36,67,256,763.47,269.64,544.04,1577.15
1002,1731,2015-05-21,130,36,50,216,648.7,269.64,406,1324.34
1003,1731,2015-06-19,103,18,22,143,513.97,134.82,178.64,827.43
1004,1731,2015-07-18,93,36,33,162,464.07,269.64,267.96,1001.67
1005,1731,2015-08-16,93,41,29,163,464.07,307.09,235.48,1006.64
1006,1731,2015-09-15,101,16,22,139,503.99,119.84,178.64,802.47
1007,1731,2015-10-15,44,27,23,94,219.56,202.23,186.76,608.55
1008,1731,2015-11-14,87,31,12,130,434.13,232.19,97.44,763.76
1009,1731,2015-12-14,92,21,23,136,459.08,157.29,186.76,803.13
1010,1731,2016-01-12,107,28,0,135,533.93,209.72,0,743.65
1011,1731,2016-02-10,91,0,20,111,454.09,0,162.4,616.49
1012,1731,2016-03-10,113,36,31,180,563.87,269.64,251.72,1085.23
1013,1731,2016-04-08,153,50,33,236,763.47,374.5,267.96,1405.93
1014,1731,2016-05-08,99,37,28,164,494.01,277.13,227.36,998.5
1015,1731,2016-06-07,109,67,25,201,543.91,501.83,203,1248.74
1016,1731,2016-07-07,138,42,31,211,688.62,314.58,251.72,1254.92
1017,1731,2016-08-05,102,17,29,148,508.98,127.33,235.48,871.79
1018,1731,2016-09-04,96,0,3,99,479.04,0,24.36,503.4
1019,1731,2016-10-04,76,0,11,87,379.24,0,89.32,468.56
1020,1731,2016-11-02,64,142,10,216,319.36,1063.58,81.2,1464.14
1021,1731,2016-12-01,361,83,21,465,1801.39,621.67,170.52,2593.58
1022,1731,2016-12-30,109,22,11,142,543.91,164.78,89.32,798.01
1023,1741,2014-12-11,177,41,31,249,883.23,307.09,251.72,1442.04
1024,1741,2015-01-10,301,0,22,323,1501.99,0,178.64,1680.63
1025,1741,2015-02-09,293,20,67,380,1462.07,149.8,544.04,2155.91
1026,1741,2015-03-11,310,25,3,338,1546.9,187.25,24.36,1758.51
1027,1741,2015-04-09,294,20,5,319,1467.06,149.8,40.6,1657.46
1028,1741,2015-05-09,352,230,3,585,1756.48,1722.7,24.36,3503.54
1029,1741,2015-06-07,321,31,31,383,1601.79,232.19,251.72,2085.7
1030,1741,2015-07-07,288,25,26,339,1437.12,187.25,211.12,1835.49
1031,1741,2015-08-06,244,17,20,281,1217.56,127.33,162.4,1507.29
1032,1741,2015-09-04,328,25,81,434,1636.72,187.25,657.72,2481.69
1033,1741,2015-10-03,344,38,28,410,1716.56,284.62,227.36,2228.54
1034,1741,2015-11-01,280,22,14,316,1397.2,164.78,113.68,1675.66
1035,1741,2015-11-30,296,22,192,510,1477.04,164.78,1559.04,3200.86
1036,1741,2015-12-29,297,34,18,349,1482.03,254.66,146.16,1882.85
1037,1741,2016-01-27,307,21,15,343,1531.93,157.29,121.8,1811.02
1038,1741,2016-02-25,277,30,6,313,1382.23,224.7,48.72,1655.65
1039,1741,2016-03-26,304,180,16,500,1516.96,1348.2,129.92,2995.08
1040,1741,2016-04-24,361,772,0,1133,1801.39,5782.28,0,7583.67
1041,1741,2016-05-24,283,33,9,325,1412.17,247.17,73.08,1732.42
1042,1741,2016-06-22,238,20,19,277,1187.62,149.8,154.28,1491.7
1043,1741,2016-07-22,302,28,2,332,1506.98,209.72,16.24,1732.94
1044,1741,2016-08-21,345,14,21,380,1721.55,104.86,170.52,1996.93
1045,1741,2016-09-20,313,55,0,368,1561.87,411.95,0,1973.82
1046,1741,2016-10-19,289,225,16,530,1442.11,1685.25,129.92,3257.28
1047,1741,2016-11-17,292,24,16,332,1457.08,179.76,129.92,1766.76
1048,1741,2016-12-17,301,3,20,324,1501.99,22.47,162.4,1686.86
1049,1751,2014-12-24,486,11,70,567,2425.14,82.39,568.4,3075.93
1050,1751,2015-01-22,400,17,0,417,1996,127.33,0,2123.33
1051,1751,2015-02-20,494,8,10,512,2465.06,59.92,81.2,2606.18
1052,1751,2015-03-22,1022,0,84,1106,5099.78,0,682.08,5781.86
1053,1751,2015-04-21,503,0,8,511,2509.97,0,64.96,2574.93
1054,1751,2015-05-20,490,0,11,501,2445.1,0,89.32,2534.42
1055,1751,2015-06-18,502,44,9,555,2504.98,329.56,73.08,2907.62
1056,1751,2015-07-17,496,18,12,526,2475.04,134.82,97.44,2707.3
1057,1751,2015-08-15,496,1,113,610,2475.04,7.49,917.56,3400.09
1058,1751,2015-09-14,487,12,9,508,2430.13,89.88,73.08,2593.09
1059,1751,2015-10-13,503,43,145,691,2509.97,322.07,1177.4,4009.44
1060,1751,2015-11-12,492,0,13,505,2455.08,0,105.56,2560.64
1061,1751,2015-12-11,516,10,11,537,2574.84,74.9,89.32,2739.06
1062,1751,2016-01-09,482,41,8,531,2405.18,307.09,64.96,2777.23
1063,1751,2016-02-07,475,5,17,497,2370.25,37.45,138.04,2545.74
1064,1751,2016-03-08,497,0,0,497,2480.03,0,0,2480.03
1065,1751,2016-04-06,473,19,0,492,2360.27,142.31,0,2502.58
1066,1751,2016-05-06,498,533,0,1031,2485.02,3992.17,0,6477.19
1067,1751,2016-06-05,498,0,11,509,2485.02,0,89.32,2574.34
1068,1751,2016-07-04,487,26,16,529,2430.13,194.74,129.92,2754.79
1069,1751,2016-08-02,499,3,6,508,2490.01,22.47,48.72,2561.2
1070,1751,2016-09-01,506,86,13,605,2524.94,644.14,105.56,3274.64
1071,1751,2016-09-30,508,32,7,547,2534.92,239.68,56.84,2831.44
1072,1751,2016-10-29,497,17,0,514,2480.03,127.33,0,2607.36
1073,1751,2016-11-28,506,2,0,508,2524.94,14.98,0,2539.92
1074,1751,2016-12-27,492,0,28,520,2455.08,0,227.36,2682.44
1075,1761,2014-12-19,308,12,20,340,1536.92,89.88,162.4,1789.2
1076,1761,2015-01-17,298,72,0,370,1487.02,539.28,0,2026.3
1077,1761,2015-02-16,423,38,30,491,2110.77,284.62,243.6,2638.99
1078,1761,2015-03-18,3081,39,19,3139,15374.19,292.11,154.28,15820.58
1079,1761,2015-04-16,346,15,0,361,1726.54,112.35,0,1838.89
1080,1771,2014-12-14,162,7,0,169,808.38,52.43,0,860.81
1081,1771,2015-01-13,156,0,19,175,778.44,0,154.28,932.72
1082,1771,2015-02-11,174,0,0,174,868.26,0,0,868.26
1083,1771,2015-03-12,139,28,64,231,693.61,209.72,519.68,1423.01
1084,1771,2015-04-10,146,6,4,156,728.54,44.94,32.48,805.96
1085,1771,2015-05-10,152,0,25,177,758.48,0,203,961.48
1086,1771,2015-06-09,104,55,7,166,518.96,411.95,56.84,987.75
1087,1771,2015-07-09,154,50,36,240,768.46,374.5,292.32,1435.28
1088,1771,2015-08-08,175,12,0,187,873.25,89.88,0,963.13
1089,1771,2015-09-06,84,0,9,93,419.16,0,73.08,492.24
1090,1771,2015-10-05,21,86,0,107,104.79,644.14,0,748.93
1091,1771,2015-11-04,140,10,32,182,698.6,74.9,259.84,1033.34
1092,1771,2015-12-03,0,26,68,94,0,194.74,552.16,746.9
1093,1771,2016-01-01,154,12,12,178,768.46,89.88,97.44,955.78
1094,1781,2014-12-23,499,57,14,570,2490.01,426.93,113.68,3030.62
1095,1781,2015-01-21,498,0,13,511,2485.02,0,105.56,2590.58
1096,1781,2015-02-20,512,0,27,539,2554.88,0,219.24,2774.12
1097,1781,2015-03-22,497,16,10,523,2480.03,119.84,81.2,2681.07
1098,1781,2015-04-21,328,28,6,362,1636.72,209.72,48.72,1895.16
1099,1781,2015-05-20,483,15,26,524,2410.17,112.35,211.12,2733.64
1100,1781,2015-06-18,493,0,15,508,2460.07,0,121.8,2581.87
1101,1781,2015-07-17,493,0,3,496,2460.07,0,24.36,2484.43
1102,1781,2015-08-16,536,21,0,557,2674.64,157.29,0,2831.93
1103,1781,2015-09-15,498,15,0,513,2485.02,112.35,0,2597.37
1104,1781,2015-10-15,486,17,0,503,2425.14,127.33,0,2552.47
1105,1781,2015-11-13,497,0,6,503,2480.03,0,48.72,2528.75
1106,1781,2015-12-13,497,21,21,539,2480.03,157.29,170.52,2807.84
1107,1781,2016-01-11,676,0,5,681,3373.24,0,40.6,3413.84
1108,1781,2016-02-09,534,0,30,564,2664.66,0,243.6,2908.26
1109,1781,2016-03-09,495,39,0,534,2470.05,292.11,0,2762.16
1110,1781,2016-04-07,513,3,14,530,2559.87,22.47,113.68,2696.02
1111,1781,2016-05-06,506,0,8,514,2524.94,0,64.96,2589.9
1112,1781,2016-06-05,529,0,7,536,2639.71,0,56.84,2696.55
1113,1781,2016-07-04,508,12,10,530,2534.92,89.88,81.2,2706
1114,1781,2016-08-03,524,36,7,567,2614.76,269.64,56.84,2941.24
1115,1781,2016-09-01,510,0,5,515,2544.9,0,40.6,2585.5
1116,1781,2016-10-01,572,2,36,610,2854.28,14.98,292.32,3161.58
1117,1781,2016-10-30,489,4,0,493,2440.11,29.96,0,2470.07
1118,1781,2016-11-28,498,0,66,564,2485.02,0,535.92,3020.94
1119,1781,2016-12-28,519,10,2,531,2589.81,74.9,16.24,2680.95
1120,1791,2014-12-27,59,18,13,90,294.41,134.82,105.56,534.79
1121,1791,2015-01-25,161,11,34,206,803.39,82.39,276.08,1161.86
1122,1791,2015-02-23,89,0,34,123,444.11,0,276.08,720.19
1123,1801,2015-01-20,476,0,0,476,2375.24,0,0,2375.24
1124,1801,2015-02-19,495,10,2,507,2470.05,74.9,16.24,2561.19
1125,1801,2015-03-20,506,1,19,526,2524.94,7.49,154.28,2686.71
1126,1801,2015-04-19,482,64,9,555,2405.18,479.36,73.08,2957.62
1127,1801,2015-05-19,515,19,6,540,2569.85,142.31,48.72,2760.88
1128,1801,2015-06-18,510,46,250,806,2544.9,344.54,2030,4919.44
1129,1801,2015-07-18,495,0,30,525,2470.05,0,243.6,2713.65
1130,1801,2015-08-16,504,101,10,615,2514.96,756.49,81.2,3352.65
1131,1801,2015-09-15,512,38,14,564,2554.88,284.62,113.68,2953.18
1132,1801,2015-10-15,485,2,0,487,2420.15,14.98,0,2435.13
1133,1801,2015-12-12,507,0,29,536,2529.93,0,235.48,2765.41
1134,1801,2016-01-10,519,0,8,527,2589.81,0,64.96,2654.77
1135,1801,2016-02-09,513,46,29,588,2559.87,344.54,235.48,3139.89
1136,1801,2016-03-10,489,11,6,506,2440.11,82.39,48.72,2571.22
1137,1801,2016-04-09,501,6,9,516,2499.99,44.94,73.08,2618.01
1138,1801,2016-05-09,511,0,2,513,2549.89,0,16.24,2566.13
1139,1801,2016-06-07,493,6,0,499,2460.07,44.94,0,2505.01
1140,1801,2016-07-07,487,1,18,506,2430.13,7.49,146.16,2583.78
1141,1801,2016-08-06,502,0,18,520,2504.98,0,146.16,2651.14
1142,1801,2016-09-04,490,0,5,495,2445.1,0,40.6,2485.7
1143,1801,2016-11-02,488,29,7,524,2435.12,217.21,56.84,2709.17
1144,1801,2016-12-02,494,11,0,505,2465.06,82.39,0,2547.45
1145,1801,2017-01-01,544,8,15,567,2714.56,59.92,121.8,2896.28
1146,1811,2014-12-12,856,38,23,917,4271.44,284.62,186.76,4742.82
1147,1811,2015-01-10,305,16,44,365,1521.95,119.84,357.28,1999.07
1148,1811,2015-02-09,178,26,10,214,888.22,194.74,81.2,1164.16
1149,1811,2015-03-11,299,29,20,348,1492.01,217.21,162.4,1871.62
1150,1811,2015-04-10,324,87,17,428,1616.76,651.63,138.04,2406.43
1151,1811,2015-05-10,247,31,49,327,1232.53,232.19,397.88,1862.6
1152,1811,2015-06-08,306,29,75,410,1526.94,217.21,609,2353.15
1153,1811,2015-07-07,313,53,19,385,1561.87,396.97,154.28,2113.12
1154,1811,2015-08-05,302,48,40,390,1506.98,359.52,324.8,2191.3
1155,1811,2015-09-04,298,32,22,352,1487.02,239.68,178.64,1905.34
1156,1811,2015-10-03,307,54,32,393,1531.93,404.46,259.84,2196.23
1157,1811,2015-11-01,301,68,40,409,1501.99,509.32,324.8,2336.11
1158,1811,2015-12-01,295,131,52,478,1472.05,981.19,422.24,2875.48
1159,1811,2015-12-31,314,0,9,323,1566.86,0,73.08,1639.94
1160,1811,2016-01-30,241,0,19,260,1202.59,0,154.28,1356.87
1161,1811,2016-02-29,283,19,19,321,1412.17,142.31,154.28,1708.76
1162,1811,2016-03-29,332,42,35,409,1656.68,314.58,284.2,2255.46
1163,1811,2016-04-27,288,0,0,288,1437.12,0,0,1437.12
1164,1811,2016-05-27,312,22,21,355,1556.88,164.78,170.52,1892.18
1165,1811,2016-06-25,314,10,21,345,1566.86,74.9,170.52,1812.28
1166,1811,2016-07-25,293,28,31,352,1462.07,209.72,251.72,1923.51
1167,1811,2016-08-24,399,37,272,708,1991.01,277.13,2208.64,4476.78
1168,1811,2016-09-23,276,27,31,334,1377.24,202.23,251.72,1831.19
1169,1811,2016-10-22,294,11,0,305,1467.06,82.39,0,1549.45
1170,1811,2016-11-20,294,23,20,337,1467.06,172.27,162.4,1801.73
1171,1811,2016-12-20,295,36,0,331,1472.05,269.64,0,1741.69
1172,1821,2015-11-29,290,0,21,311,1447.1,0,170.52,1617.62
1173,1821,2015-12-29,297,23,16,336,1482.03,172.27,129.92,1784.22
1174,1821,2016-01-27,311,28,24,363,1551.89,209.72,194.88,1956.49
1175,1821,2016-02-26,286,36,49,371,1427.14,269.64,397.88,2094.66
1176,1821,2016-03-26,286,24,70,380,1427.14,179.76,568.4,2175.3
1177,1821,2016-04-24,271,26,16,313,1352.29,194.74,129.92,1676.95
1178,1821,2016-05-24,281,21,42,344,1402.19,157.29,341.04,1900.52
1179,1821,2016-06-22,317,53,38,408,1581.83,396.97,308.56,2287.36
1180,1821,2016-07-21,308,49,42,399,1536.92,367.01,341.04,2244.97
1181,1821,2016-08-19,305,38,49,392,1521.95,284.62,397.88,2204.45
1182,1821,2016-09-18,314,88,56,458,1566.86,659.12,454.72,2680.7
1183,1821,2016-11-17,290,28,35,353,1447.1,209.72,284.2,1941.02
1184,1821,2016-12-17,295,43,27,365,1472.05,322.07,219.24,2013.36
1185,1831,2016-08-04,507,3,3,513,2529.93,22.47,24.36,2576.76
1186,1831,2016-09-03,542,33,0,575,2704.58,247.17,0,2951.75
1187,1831,2016-10-03,491,0,3,494,2450.09,0,24.36,2474.45
1188,1831,2016-11-02,470,0,0,470,2345.3,0,0,2345.3
1189,1831,2016-12-01,475,0,0,475,2370.25,0,0,2370.25
1190,1831,2016-12-31,512,0,4,516,2554.88,0,32.48,2587.36
1191,1841,2014-12-06,305,24,21,350,1521.95,179.76,170.52,1872.23
1192,1841,2015-01-05,306,42,56,404,1526.94,314.58,454.72,2296.24
1193,1841,2015-02-04,300,29,12,341,1497,217.21,97.44,1811.65
1194,1841,2015-03-05,277,12,23,312,1382.23,89.88,186.76,1658.87
1195,1841,2015-04-03,272,28,36,336,1357.28,209.72,292.32,1859.32
1196,1841,2015-05-02,275,44,9,328,1372.25,329.56,73.08,1774.89
1197,1841,2015-05-31,456,51,78,585,2275.44,381.99,633.36,3290.79
1198,1841,2015-06-29,304,36,38,378,1516.96,269.64,308.56,2095.16
1199,1841,2015-07-29,301,37,11,349,1501.99,277.13,89.32,1868.44
1200,1841,2015-08-28,315,39,104,458,1571.85,292.11,844.48,2708.44
1201,1841,2015-09-27,307,36,20,363,1531.93,269.64,162.4,1963.97
1202,1841,2015-10-26,317,33,27,377,1581.83,247.17,219.24,2048.24
1203,1841,2015-11-25,251,20,32,303,1252.49,149.8,259.84,1662.13
1204,1841,2015-12-24,305,2,13,320,1521.95,14.98,105.56,1642.49
1205,1841,2016-01-23,301,28,25,354,1501.99,209.72,203,1914.71
1206,1841,2016-02-21,320,28,43,391,1596.8,209.72,349.16,2155.68
1207,1841,2016-03-22,314,16,52,382,1566.86,119.84,422.24,2108.94
1208,1841,2016-04-21,301,14,0,315,1501.99,104.86,0,1606.85
1209,1841,2016-05-20,313,24,25,362,1561.87,179.76,203,1944.63
1210,1841,2016-06-19,235,43,0,278,1172.65,322.07,0,1494.72
1211,1841,2016-07-18,192,20,20,232,958.08,149.8,162.4,1270.28
1212,1841,2016-08-16,249,0,154,403,1242.51,0,1250.48,2492.99
1213,1841,2016-09-14,306,35,0,341,1526.94,262.15,0,1789.09
1214,1841,2016-10-14,306,20,22,348,1526.94,149.8,178.64,1855.38
1215,1841,2016-11-13,298,57,2,357,1487.02,426.93,16.24,1930.19
1216,1841,2016-12-12,466,12,17,495,2325.34,89.88,138.04,2553.26
1217,1851,2014-12-13,507,32,0,539,2529.93,239.68,0,2769.61
1218,1851,2015-01-12,484,7,16,507,2415.16,52.43,129.92,2597.51
1219,1851,2015-02-10,499,12,0,511,2490.01,89.88,0,2579.89
1220,1851,2015-03-11,505,14,12,531,2519.95,104.86,97.44,2722.25
1221,1851,2015-04-10,513,10,9,532,2559.87,74.9,73.08,2707.85
1222,1851,2015-05-09,500,78,0,578,2495,584.22,0,3079.22
1223,1851,2015-06-07,0,34,0,34,0,254.66,0,254.66
1224,1851,2015-07-07,506,0,301,807,2524.94,0,2444.12,4969.06
1225,1851,2015-08-06,500,0,23,523,2495,0,186.76,2681.76
1226,1851,2015-09-04,413,0,9,422,2060.87,0,73.08,2133.95
1227,1851,2015-10-04,565,1,14,580,2819.35,7.49,113.68,2940.52
1228,1851,2015-11-02,494,0,0,494,2465.06,0,0,2465.06
1229,1851,2015-12-02,473,0,0,473,2360.27,0,0,2360.27
1230,1851,2016-01-01,479,26,23,528,2390.21,194.74,186.76,2771.71
1231,1851,2016-01-30,22926,0,0,22926,114400.74,0,0,114400.74
1232,1851,2016-02-28,336,17,47,400,1676.64,127.33,381.64,2185.61
1233,1851,2016-03-29,734,10,7,751,3662.66,74.9,56.84,3794.4
1234,1851,2016-04-28,521,16,46,583,2599.79,119.84,373.52,3093.15
1235,1851,2016-05-27,535,24,19,578,2669.65,179.76,154.28,3003.69
1236,1851,2016-06-25,498,20,71,589,2485.02,149.8,576.52,3211.34
1237,1851,2016-07-25,495,24,29,548,2470.05,179.76,235.48,2885.29
1238,1851,2016-08-23,482,15,108,605,2405.18,112.35,876.96,3394.49
1239,1851,2016-09-22,495,48,0,543,2470.05,359.52,0,2829.57
1240,1851,2016-10-21,465,3,4,472,2320.35,22.47,32.48,2375.3
1241,1851,2016-11-20,521,0,0,521,2599.79,0,0,2599.79
1242,1851,2016-12-19,492,0,30,522,2455.08,0,243.6,2698.68
1243,1861,2016-06-01,497,36,3,536,2480.03,269.64,24.36,2774.03
1244,1861,2016-07-01,536,18,5,559,2674.64,134.82,40.6,2850.06
1245,1861,2016-07-31,508,0,0,508,2534.92,0,0,2534.92
1246,1861,2016-08-29,491,4,21,516,2450.09,29.96,170.52,2650.57
1247,1861,2016-09-28,494,15,3,512,2465.06,112.35,24.36,2601.77
1248,1861,2016-10-27,506,0,21,527,2524.94,0,170.52,2695.46
1249,1861,2016-11-26,489,12,27,528,2440.11,89.88,219.24,2749.23
1250,1861,2016-12-25,516,6,6,528,2574.84,44.94,48.72,2668.5
1251,1871,2014-12-26,491,0,14,505,2450.09,0,113.68,2563.77
1252,1871,2015-01-24,477,5,42,524,2380.23,37.45,341.04,2758.72
1253,1871,2015-02-22,499,14,0,513,2490.01,104.86,0,2594.87
1254,1871,2015-03-24,475,31,15,521,2370.25,232.19,121.8,2724.24
1255,1871,2015-04-22,498,16,9,523,2485.02,119.84,73.08,2677.94
1256,1871,2015-05-21,510,0,12,522,2544.9,0,97.44,2642.34
1257,1871,2015-06-20,486,24,0,510,2425.14,179.76,0,2604.9
1258,1871,2015-07-20,499,1,0,500,2490.01,7.49,0,2497.5
1259,1871,2015-08-18,513,15,15,543,2559.87,112.35,121.8,2794.02
1260,1871,2015-10-16,494,8,3,505,2465.06,59.92,24.36,2549.34
1261,1871,2015-11-15,0,23,0,23,0,172.27,0,172.27
1262,1871,2015-12-15,535,0,18,553,2669.65,0,146.16,2815.81
1263,1871,2016-01-14,504,0,2,506,2514.96,0,16.24,2531.2
1264,1871,2016-02-12,469,23,13,505,2340.31,172.27,105.56,2618.14
1265,1871,2016-03-12,524,0,14,538,2614.76,0,113.68,2728.44
1266,1871,2016-04-10,490,0,0,490,2445.1,0,0,2445.1
1267,1871,2016-05-09,487,80,15,582,2430.13,599.2,121.8,3151.13
1268,1871,2016-06-07,480,0,0,480,2395.2,0,0,2395.2
1269,1871,2016-07-06,479,83,16,578,2390.21,621.67,129.92,3141.8
1270,1871,2016-08-05,485,9,15,509,2420.15,67.41,121.8,2609.36
1271,1871,2016-09-03,607,0,19,626,3028.93,0,154.28,3183.21
1272,1871,2016-10-02,507,10,136,653,2529.93,74.9,1104.32,3709.15
1273,1871,2016-11-01,497,15,0,512,2480.03,112.35,0,2592.38
1274,1871,2016-11-30,495,0,0,495,2470.05,0,0,2470.05
1275,1871,2016-12-29,498,0,14,512,2485.02,0,113.68,2598.7
1276,1881,2014-12-12,503,17,13,533,2509.97,127.33,105.56,2742.86
1277,1881,2015-01-11,519,48,29,596,2589.81,359.52,235.48,3184.81
1278,1881,2015-02-09,493,0,26,519,2460.07,0,211.12,2671.19
1279,1881,2015-03-10,477,0,20,497,2380.23,0,162.4,2542.63
1280,1881,2015-04-08,504,30,0,534,2514.96,224.7,0,2739.66
1281,1881,2015-05-08,505,23,14,542,2519.95,172.27,113.68,2805.9
1282,1881,2015-06-07,405,0,0,405,2020.95,0,0,2020.95
1283,1881,2015-07-06,501,11,12,524,2499.99,82.39,97.44,2679.82
1284,1881,2015-08-04,499,14,42,555,2490.01,104.86,341.04,2935.91
1285,1881,2015-09-03,528,22,0,550,2634.72,164.78,0,2799.5
1286,1881,2015-10-03,521,56,0,577,2599.79,419.44,0,3019.23
1287,1881,2015-11-02,499,36,15,550,2490.01,269.64,121.8,2881.45
1288,1881,2015-12-02,565,0,21,586,2819.35,0,170.52,2989.87
1289,1881,2015-12-31,510,11,8,529,2544.9,82.39,64.96,2692.25
1290,1881,2016-02-28,0,10,8,18,0,74.9,64.96,139.86
1291,1881,2016-03-28,507,21,5,533,2529.93,157.29,40.6,2727.82
1292,1881,2016-04-27,516,15,4,535,2574.84,112.35,32.48,2719.67
1293,1881,2016-05-27,491,42,26,559,2450.09,314.58,211.12,2975.79
1294,1881,2016-06-26,503,0,11,514,2509.97,0,89.32,2599.29
1295,1881,2016-07-26,497,7,10,514,2480.03,52.43,81.2,2613.66
1296,1881,2016-08-25,508,0,19,527,2534.92,0,154.28,2689.2
1297,1881,2016-09-23,471,6,25,502,2350.29,44.94,203,2598.23
1298,1881,2016-10-22,498,11,7,516,2485.02,82.39,56.84,2624.25
1299,1881,2016-11-20,501,10,12,523,2499.99,74.9,97.44,2672.33
1300,1881,2016-12-20,479,0,15,494,2390.21,0,121.8,2512.01
1301,1891,2014-12-24,105,53,14,172,523.95,396.97,113.68,1034.6
1302,1891,2015-01-23,78,0,40,118,389.22,0,324.8,714.02
1303,1891,2015-02-21,0,31,0,31,0,232.19,0,232.19
1304,1891,2015-03-23,88,34,22,144,439.12,254.66,178.64,872.42
1305,1891,2015-04-21,115,25,28,168,573.85,187.25,227.36,988.46
1306,1891,2015-05-21,104,22,185,311,518.96,164.78,1502.2,2185.94
1307,1891,2015-06-20,0,34,69,103,0,254.66,560.28,814.94
1308,1891,2015-07-19,200,91,52,343,998,681.59,422.24,2101.83
1309,1891,2015-08-17,108,33,0,141,538.92,247.17,0,786.09
1310,1891,2015-09-16,0,24,65,89,0,179.76,527.8,707.56
1311,1901,2014-12-06,496,11,18,525,2475.04,82.39,146.16,2703.59
1312,1901,2015-01-04,484,34,0,518,2415.16,254.66,0,2669.82
1313,1901,2015-02-02,502,2,8,512,2504.98,14.98,64.96,2584.92
1314,1901,2015-03-03,502,9,14,525,2504.98,67.41,113.68,2686.07
1315,1901,2015-04-01,510,18,8,536,2544.9,134.82,64.96,2744.68
1316,1901,2015-05-01,509,0,20,529,2539.91,0,162.4,2702.31
1317,1901,2015-06-28,482,3,0,485,2405.18,22.47,0,2427.65
1318,1901,2015-07-27,501,0,4,505,2499.99,0,32.48,2532.47
1319,1901,2015-08-25,502,0,6,508,2504.98,0,48.72,2553.7
1320,1901,2015-09-23,482,2,0,484,2405.18,14.98,0,2420.16
1321,1901,2015-10-22,540,0,0,540,2694.6,0,0,2694.6
1322,1901,2015-11-21,1519,6,0,1525,7579.81,44.94,0,7624.75
1323,1901,2015-12-20,497,12,13,522,2480.03,89.88,105.56,2675.47
1324,1901,2016-01-18,19,24,0,43,94.81,179.76,0,274.57
1325,1901,2016-02-17,279,10,3,292,1392.21,74.9,24.36,1491.47
1326,1901,2016-03-17,494,8,1,503,2465.06,59.92,8.12,2533.1
1327,1901,2016-04-16,505,9,24,538,2519.95,67.41,194.88,2782.24
1328,1901,2016-05-16,494,11,12,517,2465.06,82.39,97.44,2644.89
1329,1901,2016-06-15,509,8,75,592,2539.91,59.92,609,3208.83
1330,1901,2016-07-14,488,3,16,507,2435.12,22.47,129.92,2587.51
1331,1901,2016-08-13,507,0,26,533,2529.93,0,211.12,2741.05
1332,1911,2017-01-01,65,51,31,147,324.35,381.99,251.72,958.06
1333,1921,2014-12-10,101,43,27,171,503.99,322.07,219.24,1045.3
1334,1921,2015-01-08,92,28,54,174,459.08,209.72,438.48,1107.28
1335,1921,2015-02-06,79,26,10,115,394.21,194.74,81.2,670.15
1336,1921,2015-03-07,124,31,66,221,618.76,232.19,535.92,1386.87
1337,1921,2015-05-05,90,21,23,134,449.1,157.29,186.76,793.15
1338,1921,2015-06-03,103,38,5,146,513.97,284.62,40.6,839.19
1339,1921,2015-08-31,124,75,53,252,618.76,561.75,430.36,1610.87
1340,1921,2015-09-30,96,43,35,174,479.04,322.07,284.2,1085.31
1341,1931,2016-04-07,497,0,0,497,2480.03,0,0,2480.03
1342,1931,2016-05-07,497,10,0,507,2480.03,74.9,0,2554.93
1343,1931,2016-06-05,498,8,20,526,2485.02,59.92,162.4,2707.34
1344,1931,2016-07-05,502,80,11,593,2504.98,599.2,89.32,3193.5
1345,1931,2016-08-04,523,0,0,523,2609.77,0,0,2609.77
1346,1931,2016-09-03,505,13,20,538,2519.95,97.37,162.4,2779.72
1347,1931,2016-10-03,516,0,5,521,2574.84,0,40.6,2615.44
1348,1931,2016-11-01,483,0,24,507,2410.17,0,194.88,2605.05
1349,1931,2016-12-01,459,27,17,503,2290.41,202.23,138.04,2630.68
1350,1931,2016-12-30,488,0,22656,23144,2435.12,0,183966.72,186401.84
1351,1941,2014-12-23,291,16,214,521,1452.09,119.84,1737.68,3309.61
1352,1941,2015-01-21,289,177,26,492,1442.11,1325.73,211.12,2978.96
1353,1941,2015-02-15,317,45,22,384,1581.83,337.05,178.64,2097.52
1354,1941,2015-03-17,316,26,14,356,1576.84,194.74,113.68,1885.26
1355,1941,2015-04-16,284,41,56,381,1417.16,307.09,454.72,2178.97
1356,1941,2015-05-16,302,12,27,341,1506.98,89.88,219.24,1816.1
1357,1941,2015-06-14,329,27,20,376,1641.71,202.23,162.4,2006.34
1358,1941,2015-07-14,329,36,29,394,1641.71,269.64,235.48,2146.83
1359,1941,2015-08-12,297,80,33,410,1482.03,599.2,267.96,2349.19
1360,1941,2015-09-10,288,18,48,354,1437.12,134.82,389.76,1961.7
1361,1941,2015-10-10,302,22,17,341,1506.98,164.78,138.04,1809.8
1362,1941,2015-11-09,320,32,24,376,1596.8,239.68,194.88,2031.36
1363,1941,2015-12-08,276,37,23,336,1377.24,277.13,186.76,1841.13
1364,1941,2016-01-06,406,27,20,453,2025.94,202.23,162.4,2390.57
1365,1941,2016-02-04,314,27,14,355,1566.86,202.23,113.68,1882.77
1366,1941,2016-03-05,308,28,25,361,1536.92,209.72,203,1949.64
1367,1941,2016-04-03,0,0,32,32,0,0,259.84,259.84
1368,1941,2016-05-02,299,36,200,535,1492.01,269.64,1624,3385.65
1369,1941,2016-05-31,424,1,35,460,2115.76,7.49,284.2,2407.45
1370,1941,2016-06-29,516,30,20,566,2574.84,224.7,162.4,2961.94
1371,1941,2016-07-29,304,23,0,327,1516.96,172.27,0,1689.23
1372,1941,2016-08-27,249,0,24,273,1242.51,0,194.88,1437.39
1373,1941,2016-09-25,1510,33,1,1544,7534.9,247.17,8.12,7790.19
1374,1941,2016-10-25,301,29,22,352,1501.99,217.21,178.64,1897.84
1375,1941,2016-11-24,295,34,88,417,1472.05,254.66,714.56,2441.27
1376,1941,2016-12-24,300,29,11,340,1497,217.21,89.32,1803.53
1377,1951,2014-12-20,509,51,65,625,2539.91,381.99,527.8,3449.7
1378,1951,2015-01-18,441,27,8,476,2200.59,202.23,64.96,2467.78
1379,1951,2015-02-17,142,36,36,214,708.58,269.64,292.32,1270.54
1380,1951,2015-03-19,496,0,0,496,2475.04,0,0,2475.04
1381,1951,2015-04-18,647,9,20,676,3228.53,67.41,162.4,3458.34
1382,1951,2015-05-17,523,2,6,531,2609.77,14.98,48.72,2673.47
1383,1951,2015-06-16,498,0,25,523,2485.02,0,203,2688.02
1384,1951,2015-07-15,504,7,21,532,2514.96,52.43,170.52,2737.91
1385,1951,2015-08-13,514,21,21,556,2564.86,157.29,170.52,2892.67
1386,1951,2015-09-11,478,0,19,497,2385.22,0,154.28,2539.5
1387,1951,2015-10-11,505,30,0,535,2519.95,224.7,0,2744.65
1388,1951,2015-11-09,493,8,8,509,2460.07,59.92,64.96,2584.95
1389,1951,2015-12-09,530,0,49,579,2644.7,0,397.88,3042.58
1390,1951,2016-01-07,487,0,4,491,2430.13,0,32.48,2462.61
1391,1951,2016-02-06,498,6,46,550,2485.02,44.94,373.52,2903.48
1392,1951,2016-03-06,476,0,11,487,2375.24,0,89.32,2464.56
1393,1951,2016-04-05,532,30,0,562,2654.68,224.7,0,2879.38
1394,1951,2016-05-04,494,0,0,494,2465.06,0,0,2465.06
1395,1951,2016-06-02,511,0,73,584,2549.89,0,592.76,3142.65
1396,1951,2016-07-02,514,40,26,580,2564.86,299.6,211.12,3075.58
1397,1951,2016-08-29,476,14,24,514,2375.24,104.86,194.88,2674.98
1398,1951,2016-09-28,500,13,0,513,2495,97.37,0,2592.37
1399,1951,2016-10-27,511,0,0,511,2549.89,0,0,2549.89
1400,1951,2016-11-26,536,90,4,630,2674.64,674.1,32.48,3381.22
1401,1951,2016-12-26,512,0,0,512,2554.88,0,0,2554.88
1402,1961,2014-12-09,78,25,354,457,389.22,187.25,2874.48,3450.95
1403,1961,2015-01-08,109,71,114,294,543.91,531.79,925.68,2001.38
1404,1961,2015-02-07,90,24,0,114,449.1,179.76,0,628.86
1405,1971,2014-12-09,443,14,0,457,2210.57,104.86,0,2315.43
1406,1971,2015-01-07,509,8,8,525,2539.91,59.92,64.96,2664.79
1407,1971,2015-02-06,540,27,19,586,2694.6,202.23,154.28,3051.11
1408,1971,2015-03-08,497,0,132,629,2480.03,0,1071.84,3551.87
1409,1971,2015-04-06,489,0,43,532,2440.11,0,349.16,2789.27
1410,1971,2015-05-05,512,5,73,590,2554.88,37.45,592.76,3185.09
1411,1971,2015-06-03,507,7,4,518,2529.93,52.43,32.48,2614.84
1412,1971,2015-07-03,494,17,6,517,2465.06,127.33,48.72,2641.11
1413,1971,2015-08-01,514,32,0,546,2564.86,239.68,0,2804.54
1414,1971,2015-08-31,493,0,11,504,2460.07,0,89.32,2549.39
1415,1971,2015-09-29,507,14,2,523,2529.93,104.86,16.24,2651.03
1416,1971,2015-10-28,499,38,11,548,2490.01,284.62,89.32,2863.95
1417,1971,2015-11-26,505,0,930,1435,2519.95,0,7551.6,10071.55
1418,1971,2015-12-25,515,48,0,563,2569.85,359.52,0,2929.37
1419,1971,2016-01-24,507,34,4,545,2529.93,254.66,32.48,2817.07
1420,1971,2016-02-22,502,0,0,502,2504.98,0,0,2504.98
1421,1971,2016-03-23,608,0,6,614,3033.92,0,48.72,3082.64
1422,1971,2016-04-21,487,27,0,514,2430.13,202.23,0,2632.36
1423,1971,2016-05-20,503,186,26,715,2509.97,1393.14,211.12,4114.23
1424,1971,2016-06-19,588,12,0,600,2934.12,89.88,0,3024
1425,1971,2016-07-18,488,0,20,508,2435.12,0,162.4,2597.52
1426,1971,2016-08-17,502,0,43,545,2504.98,0,349.16,2854.14
1427,1971,2016-09-16,512,9,10,531,2554.88,67.41,81.2,2703.49
1428,1971,2016-10-15,474,1,21,496,2365.26,7.49,170.52,2543.27
1429,1971,2016-12-13,440,85,10,535,2195.6,636.65,81.2,2913.45
1430,1981,2014-12-26,0,37,46,83,0,277.13,373.52,650.65
1431,1981,2015-01-25,872,27,47,946,4351.28,202.23,381.64,4935.15
1432,1981,2015-02-23,101,9,17,127,503.99,67.41,138.04,709.44
1433,1981,2015-03-24,97,20,1,118,484.03,149.8,8.12,641.95
1434,1981,2015-04-22,78,40,31,149,389.22,299.6,251.72,940.54
1435,1981,2015-05-21,110,12,28,150,548.9,89.88,227.36,866.14
1436,1991,2015-12-20,128,106,13,247,638.72,793.94,105.56,1538.22
1437,1991,2016-01-19,175,7,6,188,873.25,52.43,48.72,974.4
1438,1991,2016-02-17,132,0,10,142,658.68,0,81.2,739.88
1439,1991,2016-03-18,139,284,12,435,693.61,2127.16,97.44,2918.21
1440,1991,2016-04-16,147,12,0,159,733.53,89.88,0,823.41
1441,1991,2016-05-15,149,3,13,165,743.51,22.47,105.56,871.54
1442,1991,2016-06-13,167,8,0,175,833.33,59.92,0,893.25
1443,1991,2016-07-12,142,0,29,171,708.58,0,235.48,944.06
1444,1991,2016-08-10,142,0,15,157,708.58,0,121.8,830.38
1445,1991,2016-09-09,151,80,0,231,753.49,599.2,0,1352.69
1446,1991,2016-10-09,98,0,4,102,489.02,0,32.48,521.5
1447,2001,2014-12-28,519,0,0,519,2589.81,0,0,2589.81
1448,2001,2015-01-26,510,29,0,539,2544.9,217.21,0,2762.11
1449,2001,2015-02-25,0,15,0,15,0,112.35,0,112.35
1450,2001,2015-03-27,505,0,4,509,2519.95,0,32.48,2552.43
1451,2011,2014-12-15,180,0,6,186,898.2,0,48.72,946.92
1452,2011,2015-01-14,157,21,12,190,783.43,157.29,97.44,1038.16
1453,2011,2015-02-13,154,31,213,398,768.46,232.19,1729.56,2730.21
1454,2011,2015-03-15,145,122,10,277,723.55,913.78,81.2,1718.53
1455,2011,2015-04-13,154,0,28,182,768.46,0,227.36,995.82
1456,2021,2014-12-03,498,0,9,507,2485.02,0,73.08,2558.1
1457,2021,2015-01-01,495,22,0,517,2470.05,164.78,0,2634.83
1458,2021,2015-02-28,486,13,9,508,2425.14,97.37,73.08,2595.59
1459,2021,2015-03-29,515,25,5,545,2569.85,187.25,40.6,2797.7
1460,2021,2015-04-27,482,39,0,521,2405.18,292.11,0,2697.29
1461,2021,2015-05-26,488,4,14,506,2435.12,29.96,113.68,2578.76
1462,2021,2015-06-25,495,124,12,631,2470.05,928.76,97.44,3496.25
1463,2021,2015-07-25,517,3117,1676,5310,2579.83,23346.33,13609.12,39535.28
1464,2021,2015-08-24,512,0,8,520,2554.88,0,64.96,2619.84
1465,2021,2015-09-22,489,1,9,499,2440.11,7.49,73.08,2520.68
1466,2021,2015-10-21,478,30,13,521,2385.22,224.7,105.56,2715.48
1467,2021,2015-12-19,500,0,9,509,2495,0,73.08,2568.08
1468,2021,2016-01-18,704,0,18,722,3512.96,0,146.16,3659.12
1469,2021,2016-02-16,488,9,0,497,2435.12,67.41,0,2502.53
1470,2021,2016-03-17,508,0,28,536,2534.92,0,227.36,2762.28
1471,2021,2016-04-15,514,9,13,536,2564.86,67.41,105.56,2737.83
1472,2021,2016-05-14,447,11,19,477,2230.53,82.39,154.28,2467.2
1473,2021,2016-06-13,502,23,10,535,2504.98,172.27,81.2,2758.45
1474,2021,2016-07-12,503,9,0,512,2509.97,67.41,0,2577.38
1475,2021,2016-08-10,518,5,23,546,2584.82,37.45,186.76,2809.03
1476,2021,2016-09-08,509,19,7,535,2539.91,142.31,56.84,2739.06
1477,2021,2016-10-07,453,10,14,477,2260.47,74.9,113.68,2449.05
1478,2021,2016-11-05,500,5,0,505,2495,37.45,0,2532.45
1479,2021,2016-12-04,498,17,21,536,2485.02,127.33,170.52,2782.87
1480,2031,2014-12-23,495,0,11,506,2470.05,0,89.32,2559.37
1481,2031,2015-01-21,505,73,26,604,2519.95,546.77,211.12,3277.84
1482,2031,2015-02-20,506,24,15,545,2524.94,179.76,121.8,2826.5
1483,2031,2015-03-21,1366,2,11,1379,6816.34,14.98,89.32,6920.64
1484,2031,2015-04-20,517,1,0,518,2579.83,7.49,0,2587.32
1485,2031,2015-05-20,457,17,34,508,2280.43,127.33,276.08,2683.84
1486,2031,2015-06-18,523,3,0,526,2609.77,22.47,0,2632.24
1487,2031,2015-07-17,715,20,9,744,3567.85,149.8,73.08,3790.73
1488,2031,2015-08-15,505,0,0,505,2519.95,0,0,2519.95
1489,2031,2015-09-14,537,5,2,544,2679.63,37.45,16.24,2733.32
1490,2031,2015-10-13,521,36,7,564,2599.79,269.64,56.84,2926.27
1491,2031,2015-11-11,461,0,0,461,2300.39,0,0,2300.39
1492,2031,2015-12-10,597,0,0,597,2979.03,0,0,2979.03
1493,2031,2016-01-09,494,5,6,505,2465.06,37.45,48.72,2551.23
1494,2031,2016-02-07,516,2,11,529,2574.84,14.98,89.32,2679.14
1495,2031,2016-03-08,581,10,13,604,2899.19,74.9,105.56,3079.65
1496,2031,2016-04-07,507,10,9,526,2529.93,74.9,73.08,2677.91
1497,2031,2016-05-06,565,0,4,569,2819.35,0,32.48,2851.83
1498,2031,2016-06-05,497,5,26,528,2480.03,37.45,211.12,2728.6
1499,2031,2016-07-04,495,0,0,495,2470.05,0,0,2470.05
1500,2031,2016-08-02,499,24,17,540,2490.01,179.76,138.04,2807.81
1501,2031,2016-08-31,458,8,19,485,2285.42,59.92,154.28,2499.62
1502,2031,2016-09-29,517,11,11,539,2579.83,82.39,89.32,2751.54
1503,2031,2016-10-29,519,10,5,534,2589.81,74.9,40.6,2705.31
1504,2031,2016-11-28,503,2,0,505,2509.97,14.98,0,2524.95
1505,2031,2016-12-27,502,22,0,524,2504.98,164.78,0,2669.76
1506,2041,2016-07-15,0,30,32,62,0,224.7,259.84,484.54
1507,2041,2016-08-14,129,36,48,213,643.71,269.64,389.76,1303.11
1508,2051,2015-12-01,493,7,19,519,2460.07,52.43,154.28,2666.78
1509,2051,2015-12-30,495,42,0,537,2470.05,314.58,0,2784.63
1510,2061,2014-12-29,96,25,28,149,479.04,187.25,227.36,893.65
1511,2061,2015-01-28,100,18,23,141,499,134.82,186.76,820.58
1512,2061,2015-02-27,467,30,32,529,2330.33,224.7,259.84,2814.87
1513,2061,2015-03-28,142,34,47,223,708.58,254.66,381.64,1344.88
1514,2061,2015-04-27,100,16,35,151,499,119.84,284.2,903.04
1515,2061,2015-05-26,96,36,27,159,479.04,269.64,219.24,967.92
1516,2061,2015-06-25,89,120,28,237,444.11,898.8,227.36,1570.27
1517,2061,2015-07-25,103,18,29,150,513.97,134.82,235.48,884.27
1518,2061,2015-08-24,112,20,33,165,558.88,149.8,267.96,976.64
1519,2061,2015-09-23,101,31,106,238,503.99,232.19,860.72,1596.9
1520,2061,2015-10-22,104,0,44,148,518.96,0,357.28,876.24
1521,2061,2015-11-21,123,30,20,173,613.77,224.7,162.4,1000.87
1522,2071,2014-12-28,310,41,7,358,1546.9,307.09,56.84,1910.83
1523,2071,2015-01-27,627,26,150,803,3128.73,194.74,1218,4541.47
1524,2071,2015-02-26,306,200,151,657,1526.94,1498,1226.12,4251.06
1525,2071,2015-03-27,297,54,59,410,1482.03,404.46,479.08,2365.57
1526,2071,2015-04-26,285,6,65,356,1422.15,44.94,527.8,1994.89
1527,2071,2015-05-26,313,50,16,379,1561.87,374.5,129.92,2066.29
1528,2071,2015-06-25,297,35,199,531,1482.03,262.15,1615.88,3360.06
1529,2071,2015-07-24,294,21,21,336,1467.06,157.29,170.52,1794.87
1530,2071,2015-08-22,683,50,22,755,3408.17,374.5,178.64,3961.31
1531,2071,2015-09-21,315,58,28,401,1571.85,434.42,227.36,2233.63
1532,2071,2015-10-21,558,25,28,611,2784.42,187.25,227.36,3199.03
1533,2071,2015-11-19,282,39,42,363,1407.18,292.11,341.04,2040.33
1534,2071,2015-12-19,282,19,18,319,1407.18,142.31,146.16,1695.65
1535,2071,2016-01-17,331,30,60,421,1651.69,224.7,487.2,2363.59
1536,2071,2016-02-16,293,31,23,347,1462.07,232.19,186.76,1881.02
1537,2071,2016-03-16,344,27,14,385,1716.56,202.23,113.68,2032.47
1538,2071,2016-04-14,306,38,23,367,1526.94,284.62,186.76,1998.32
1539,2071,2016-05-13,303,32,23,358,1511.97,239.68,186.76,1938.41
1540,2071,2016-07-10,484,32,14,530,2415.16,239.68,113.68,2768.52
1541,2071,2016-08-08,292,46,0,338,1457.08,344.54,0,1801.62
1542,2071,2016-09-07,296,43,26,365,1477.04,322.07,211.12,2010.23
1543,2071,2016-10-06,270,14,0,284,1347.3,104.86,0,1452.16
1544,2071,2016-11-04,243,5,45,293,1212.57,37.45,365.4,1615.42
1545,2071,2016-12-03,288,15,14,317,1437.12,112.35,113.68,1663.15
1546,2081,2016-07-28,292,0,13,305,1457.08,0,105.56,1562.64
1547,2081,2016-08-27,284,31,25,340,1417.16,232.19,203,1852.35
1548,2081,2016-09-26,308,28,39,375,1536.92,209.72,316.68,2063.32
1549,2081,2016-10-26,353,53,25,431,1761.47,396.97,203,2361.44
1550,2081,2016-11-25,288,24,8,320,1437.12,179.76,64.96,1681.84
1551,2081,2016-12-25,320,38,14,372,1596.8,284.62,113.68,1995.1
1552,2091,2014-12-30,298,33,36,367,1487.02,247.17,292.32,2026.51
1553,2091,2015-01-28,289,27,0,316,1442.11,202.23,0,1644.34
1554,2091,2015-02-26,304,31,21,356,1516.96,232.19,170.52,1919.67
1555,2091,2015-03-28,296,31,38,365,1477.04,232.19,308.56,2017.79
1556,2091,2015-04-27,295,16,22,333,1472.05,119.84,178.64,1770.53
1557,2091,2015-05-27,294,103,21,418,1467.06,771.47,170.52,2409.05
1558,2091,2015-06-26,295,27,0,322,1472.05,202.23,0,1674.28
1559,2091,2015-07-25,293,13,16,322,1462.07,97.37,129.92,1689.36
1560,2091,2015-08-23,303,45,100,448,1511.97,337.05,812,2661.02
1561,2091,2015-09-22,321,57,31,409,1601.79,426.93,251.72,2280.44
1562,2091,2015-10-22,299,20,50,369,1492.01,149.8,406,2047.81
1563,2091,2015-11-20,304,13,22,339,1516.96,97.37,178.64,1792.97
1564,2091,2015-12-19,388,83,0,471,1936.12,621.67,0,2557.79
1565,2091,2016-01-18,293,26,27,346,1462.07,194.74,219.24,1876.05
1566,2091,2016-02-17,304,0,131,435,1516.96,0,1063.72,2580.68
1567,2091,2016-03-17,293,0,72,365,1462.07,0,584.64,2046.71
1568,2091,2016-04-16,324,0,31,355,1616.76,0,251.72,1868.48
1569,2091,2016-05-16,293,19,6,318,1462.07,142.31,48.72,1653.1
1570,2091,2016-06-14,300,53,10,363,1497,396.97,81.2,1975.17
1571,2091,2016-07-13,28,0,21,49,139.72,0,170.52,310.24
1572,2091,2016-08-12,284,0,71,355,1417.16,0,576.52,1993.68
1573,2091,2016-09-11,274,26,18,318,1367.26,194.74,146.16,1708.16
1574,2091,2016-10-10,303,41,17,361,1511.97,307.09,138.04,1957.1
1575,2091,2016-11-09,301,30,0,331,1501.99,224.7,0,1726.69
1576,2091,2016-12-08,307,26,0,333,1531.93,194.74,0,1726.67
1577,2101,2014-12-26,103,111,82,296,513.97,831.39,665.84,2011.2
1578,2101,2015-02-22,0,16,119,135,0,119.84,966.28,1086.12
1579,2101,2015-03-23,0,17,17,34,0,127.33,138.04,265.37
1580,2101,2015-04-22,169,32,33,234,843.31,239.68,267.96,1350.95
1581,2101,2015-05-21,94,39,38,171,469.06,292.11,308.56,1069.73
1582,2101,2015-06-19,79,253,0,332,394.21,1894.97,0,2289.18
1583,2111,2015-01-31,0,53,74,127,0,396.97,600.88,997.85
1584,2111,2015-03-02,0,28,0,28,0,209.72,0,209.72
1585,2111,2015-03-31,107,34,30,171,533.93,254.66,243.6,1032.19
1586,2111,2015-04-29,75,24,30,129,374.25,179.76,243.6,797.61
1587,2111,2015-05-28,41,25,44,110,204.59,187.25,357.28,749.12
1588,2111,2015-06-27,2,22,15,39,9.98,164.78,121.8,296.56
1589,2111,2015-07-26,101,20,38,159,503.99,149.8,308.56,962.35
1590,2111,2015-08-24,89,75,51,215,444.11,561.75,414.12,1419.98
1591,2111,2015-09-23,93,35,26,154,464.07,262.15,211.12,937.34
1592,2111,2015-10-23,87,28,41,156,434.13,209.72,332.92,976.77
1593,2121,2014-12-26,492,5,20,517,2455.08,37.45,162.4,2654.93
1594,2121,2015-01-25,501,8,16,525,2499.99,59.92,129.92,2689.83
1595,2121,2015-02-23,464,63,7,534,2315.36,471.87,56.84,2844.07
1596,2121,2015-03-24,490,23,0,513,2445.1,172.27,0,2617.37
1597,2121,2015-04-22,468,0,4,472,2335.32,0,32.48,2367.8
1598,2121,2015-05-21,492,22,0,514,2455.08,164.78,0,2619.86
1599,2121,2015-06-19,526,0,9,535,2624.74,0,73.08,2697.82
1600,2121,2015-07-18,513,6,11,530,2559.87,44.94,89.32,2694.13
1601,2121,2015-08-17,501,14,19,534,2499.99,104.86,154.28,2759.13
1602,2121,2015-09-15,433,9,0,442,2160.67,67.41,0,2228.08
1603,2121,2015-10-14,570,208,0,778,2844.3,1557.92,0,4402.22
1604,2121,2015-11-13,483,0,3,486,2410.17,0,24.36,2434.53
1605,2121,2015-12-13,670,43,15,728,3343.3,322.07,121.8,3787.17
1606,2121,2016-01-12,545,0,52,597,2719.55,0,422.24,3141.79
1607,2121,2016-02-11,494,6,8,508,2465.06,44.94,64.96,2574.96
1608,2121,2016-03-11,507,115,0,622,2529.93,861.35,0,3391.28
1609,2121,2016-04-10,509,6,1,516,2539.91,44.94,8.12,2592.97
1610,2121,2016-05-09,500,0,8,508,2495,0,64.96,2559.96
1611,2121,2016-06-08,476,0,29,505,2375.24,0,235.48,2610.72
1612,2121,2016-07-07,518,30,38,586,2584.82,224.7,308.56,3118.08
1613,2121,2016-08-05,503,19,0,522,2509.97,142.31,0,2652.28
1614,2121,2016-09-03,496,20,42,558,2475.04,149.8,341.04,2965.88
1615,2121,2016-10-02,507,0,9,516,2529.93,0,73.08,2603.01
1616,2121,2016-11-01,499,18,70,587,2490.01,134.82,568.4,3193.23
1617,2121,2016-12-29,501,0,2,503,2499.99,0,16.24,2516.23
1618,2131,2015-08-31,490,0,7,497,2445.1,0,56.84,2501.94
1619,2131,2015-09-30,523,19,11,553,2609.77,142.31,89.32,2841.4
1620,2131,2015-10-29,478,15,142,635,2385.22,112.35,1153.04,3650.61
1621,2131,2015-11-28,501,47,6,554,2499.99,352.03,48.72,2900.74
1622,2131,2015-12-27,512,26,3,541,2554.88,194.74,24.36,2773.98
1623,2131,2016-01-25,593,10,0,603,2959.07,74.9,0,3033.97
1624,2131,2016-02-24,497,11,0,508,2480.03,82.39,0,2562.42
1625,2131,2016-03-25,503,25,0,528,2509.97,187.25,0,2697.22
1626,2131,2016-04-23,468,6,57,531,2335.32,44.94,462.84,2843.1
1627,2131,2016-05-22,502,12,0,514,2504.98,89.88,0,2594.86
1628,2131,2016-06-21,492,9,148,649,2455.08,67.41,1201.76,3724.25
1629,2131,2016-07-21,521,13,0,534,2599.79,97.37,0,2697.16
1630,2141,2014-12-30,302,0,114,416,1506.98,0,925.68,2432.66
1631,2141,2015-01-29,302,31,13,346,1506.98,232.19,105.56,1844.73
1632,2141,2015-02-28,294,35,5,334,1467.06,262.15,40.6,1769.81
1633,2141,2015-03-30,318,0,0,318,1586.82,0,0,1586.82
1634,2141,2015-04-29,254,44,10,308,1267.46,329.56,81.2,1678.22
1635,2141,2015-05-28,329,11,20,360,1641.71,82.39,162.4,1886.5
1636,2141,2015-06-26,319,0,23,342,1591.81,0,186.76,1778.57
1637,2141,2015-07-25,301,23,22,346,1501.99,172.27,178.64,1852.9
1638,2141,2015-08-24,305,2,39,346,1521.95,14.98,316.68,1853.61
1639,2141,2015-09-22,300,29,0,329,1497,217.21,0,1714.21
1640,2141,2015-10-21,309,28,21,358,1541.91,209.72,170.52,1922.15
1641,2141,2015-11-19,303,31,25,359,1511.97,232.19,203,1947.16
1642,2141,2015-12-18,292,36,22,350,1457.08,269.64,178.64,1905.36
1643,2141,2016-01-17,296,16,100,412,1477.04,119.84,812,2408.88
1644,2141,2016-02-16,221,2,19,242,1102.79,14.98,154.28,1272.05
1645,2141,2016-03-16,301,25,29,355,1501.99,187.25,235.48,1924.72
1646,2141,2016-04-14,288,23,31,342,1437.12,172.27,251.72,1861.11
1647,2141,2016-05-13,297,41,0,338,1482.03,307.09,0,1789.12
1648,2141,2016-06-12,296,32,22,350,1477.04,239.68,178.64,1895.36
1649,2141,2016-07-12,305,25,747,1077,1521.95,187.25,6065.64,7774.84
1650,2141,2016-08-11,292,21,15,328,1457.08,157.29,121.8,1736.17
1651,2141,2016-10-10,303,0,25,328,1511.97,0,203,1714.97
1652,2141,2016-11-08,298,20,20,338,1487.02,149.8,162.4,1799.22
1653,2141,2016-12-08,337,0,0,337,1681.63,0,0,1681.63
1654,2151,2014-12-16,481,6,27,514,2400.19,44.94,219.24,2664.37
1655,2151,2015-01-14,481,13,2,496,2400.19,97.37,16.24,2513.8
1656,2151,2015-02-12,497,27,27,551,2480.03,202.23,219.24,2901.5
1657,2151,2015-03-13,499,0,0,499,2490.01,0,0,2490.01
1658,2151,2015-04-12,519,1,2,522,2589.81,7.49,16.24,2613.54
1659,2151,2015-05-12,504,0,16,520,2514.96,0,129.92,2644.88
1660,2151,2015-06-11,292,13,9,314,1457.08,97.37,73.08,1627.53
1661,2151,2015-07-10,509,0,9,518,2539.91,0,73.08,2612.99
1662,2151,2015-08-09,498,0,38,536,2485.02,0,308.56,2793.58
1663,2151,2015-09-08,431,0,0,431,2150.69,0,0,2150.69
1664,2151,2015-10-08,495,0,16,511,2470.05,0,129.92,2599.97
1665,2151,2015-11-07,471,141,13,625,2350.29,1056.09,105.56,3511.94
1666,2151,2015-12-07,495,15,7,517,2470.05,112.35,56.84,2639.24
1667,2151,2016-01-05,471,0,62,533,2350.29,0,503.44,2853.73
1668,2151,2016-02-03,536,0,0,536,2674.64,0,0,2674.64
1669,2151,2016-03-03,502,13,0,515,2504.98,97.37,0,2602.35
1670,2151,2016-04-01,495,34,0,529,2470.05,254.66,0,2724.71
1671,2151,2016-05-01,485,0,1029,1514,2420.15,0,8355.48,10775.63
1672,2151,2016-05-30,507,85,0,592,2529.93,636.65,0,3166.58
1673,2151,2016-06-29,505,35,0,540,2519.95,262.15,0,2782.1
1674,2151,2016-07-29,503,0,0,503,2509.97,0,0,2509.97
1675,2151,2016-08-28,529,0,7,536,2639.71,0,56.84,2696.55
1676,2151,2016-09-27,487,0,63,550,2430.13,0,511.56,2941.69
1677,2151,2016-10-27,458,0,58,516,2285.42,0,470.96,2756.38
1678,2151,2016-11-26,515,15,0,530,2569.85,112.35,0,2682.2
1679,2151,2016-12-25,500,41,4,545,2495,307.09,32.48,2834.57
1680,2161,2016-12-13,302,21,374,697,1506.98,157.29,3036.88,4701.15
1681,2171,2014-12-21,508,7,0,515,2534.92,52.43,0,2587.35
1682,2171,2015-01-19,507,25,21,553,2529.93,187.25,170.52,2887.7
1683,2171,2015-02-18,503,23,14,540,2509.97,172.27,113.68,2795.92
1684,2171,2015-03-19,478,6,0,484,2385.22,44.94,0,2430.16
1685,2171,2015-04-17,500,23,17,540,2495,172.27,138.04,2805.31
1686,2171,2015-05-16,575,6,16,597,2869.25,44.94,129.92,3044.11
1687,2171,2015-06-14,503,0,0,503,2509.97,0,0,2509.97
1688,2171,2015-07-14,504,14,0,518,2514.96,104.86,0,2619.82
1689,2171,2015-08-12,520,37,0,557,2594.8,277.13,0,2871.93
1690,2171,2015-09-11,521,20,49,590,2599.79,149.8,397.88,3147.47
1691,2171,2015-10-10,492,0,9,501,2455.08,0,73.08,2528.16
1692,2171,2015-11-09,493,4,43,540,2460.07,29.96,349.16,2839.19
1693,2171,2015-12-08,494,0,94,588,2465.06,0,763.28,3228.34
1694,2171,2016-01-06,537,10,104,651,2679.63,74.9,844.48,3599.01
1695,2171,2016-02-05,490,0,13,503,2445.1,0,105.56,2550.66
1696,2171,2016-03-05,488,35,0,523,2435.12,262.15,0,2697.27
1697,2171,2016-04-04,494,4,0,498,2465.06,29.96,0,2495.02
1698,2171,2016-05-03,541,13,8,562,2699.59,97.37,64.96,2861.92
1699,2171,2016-07-02,501,10,37,548,2499.99,74.9,300.44,2875.33
1700,2171,2016-07-31,499,2,69,570,2490.01,14.98,560.28,3065.27
1701,2171,2016-08-29,486,20,6,512,2425.14,149.8,48.72,2623.66
1702,2171,2016-09-27,491,0,20,511,2450.09,0,162.4,2612.49
1703,2171,2016-10-27,865,42,14,921,4316.35,314.58,113.68,4744.61
1704,2171,2016-11-25,486,15,50,551,2425.14,112.35,406,2943.49
1705,2171,2016-12-25,0,0,39,39,0,0,316.68,316.68
1706,2181,2014-12-23,297,30,20,347,1482.03,224.7,162.4,1869.13
1707,2181,2015-01-22,309,0,112,421,1541.91,0,909.44,2451.35
1708,2181,2015-02-20,0,41,12,53,0,307.09,97.44,404.53
1709,2181,2015-03-21,534,39,21,594,2664.66,292.11,170.52,3127.29
1710,2181,2015-04-19,309,27,18,354,1541.91,202.23,146.16,1890.3
1711,2181,2015-05-18,264,27,0,291,1317.36,202.23,0,1519.59
1712,2181,2015-06-17,284,34,19,337,1417.16,254.66,154.28,1826.1
1713,2181,2015-07-16,309,31,333,673,1541.91,232.19,2703.96,4478.06
1714,2181,2015-08-14,297,35,0,332,1482.03,262.15,0,1744.18
1715,2181,2015-09-13,331,24,3,358,1651.69,179.76,24.36,1855.81
1716,2181,2015-10-12,299,44,0,343,1492.01,329.56,0,1821.57
1717,2181,2015-11-11,308,52,0,360,1536.92,389.48,0,1926.4
1718,2181,2015-12-10,301,26,35,362,1501.99,194.74,284.2,1980.93
1719,2181,2016-01-09,295,40,27,362,1472.05,299.6,219.24,1990.89
1720,2181,2016-02-08,327,71,18,416,1631.73,531.79,146.16,2309.68
1721,2181,2016-03-08,301,28,22,351,1501.99,209.72,178.64,1890.35
1722,2181,2016-04-06,297,15,21,333,1482.03,112.35,170.52,1764.9
1723,2181,2016-05-05,304,183,20,507,1516.96,1370.67,162.4,3050.03
1724,2181,2016-06-03,288,35,29,352,1437.12,262.15,235.48,1934.75
1725,2181,2016-07-03,224,52,12,288,1117.76,389.48,97.44,1604.68
1726,2181,2016-08-02,284,63,0,347,1417.16,471.87,0,1889.03
1727,2181,2016-09-01,283,25,30,338,1412.17,187.25,243.6,1843.02
1728,2181,2016-10-01,300,56,118,474,1497,419.44,958.16,2874.6
1729,2181,2016-10-31,297,0,13,310,1482.03,0,105.56,1587.59
1730,2181,2016-11-29,307,16,29,352,1531.93,119.84,235.48,1887.25
1731,2181,2016-12-29,288,31,2,321,1437.12,232.19,16.24,1685.55
1732,2191,2015-01-01,307,26,86,419,1531.93,194.74,698.32,2424.99
1733,2191,2015-01-30,290,25,27,342,1447.1,187.25,219.24,1853.59
1734,2191,2015-03-01,254,27,22,303,1267.46,202.23,178.64,1648.33
1735,2191,2015-03-31,372,34,27,433,1856.28,254.66,219.24,2330.18
1736,2191,2015-04-29,357,25,12,394,1781.43,187.25,97.44,2066.12
1737,2191,2015-05-28,311,83,0,394,1551.89,621.67,0,2173.56
1738,2191,2015-06-26,75,27,33,135,374.25,202.23,267.96,844.44
1739,2191,2015-07-26,301,14,70,385,1501.99,104.86,568.4,2175.25
1740,2191,2015-09-22,306,22,424,752,1526.94,164.78,3442.88,5134.6
1741,2191,2015-10-21,346,32,19,397,1726.54,239.68,154.28,2120.5
1742,2191,2015-11-20,281,39,72,392,1402.19,292.11,584.64,2278.94
1743,2191,2015-12-20,4535,0,34,4569,22629.65,0,276.08,22905.73
1744,2191,2016-01-19,298,32,56,386,1487.02,239.68,454.72,2181.42
1745,2191,2016-02-17,285,28,19,332,1422.15,209.72,154.28,1786.15
1746,2191,2016-03-17,848,72,17,937,4231.52,539.28,138.04,4908.84
1747,2191,2016-04-16,308,36,25,369,1536.92,269.64,203,2009.56
1748,2191,2016-05-16,0,57,14,71,0,426.93,113.68,540.61
1749,2191,2016-06-14,306,16,0,322,1526.94,119.84,0,1646.78
1750,2191,2016-07-14,309,24,11,344,1541.91,179.76,89.32,1810.99
1751,2191,2016-08-13,251,37,132,420,1252.49,277.13,1071.84,2601.46
1752,2191,2016-09-12,293,27,15,335,1462.07,202.23,121.8,1786.1
1753,2191,2016-10-11,314,47,21,382,1566.86,352.03,170.52,2089.41
1754,2191,2016-11-10,293,0,27,320,1462.07,0,219.24,1681.31
1755,2191,2016-12-09,300,38,29,367,1497,284.62,235.48,2017.1
1756,2201,2014-12-23,688,0,70,758,3433.12,0,568.4,4001.52
1757,2201,2015-01-21,469,24,7,500,2340.31,179.76,56.84,2576.91
1758,2201,2015-02-20,512,4,3,519,2554.88,29.96,24.36,2609.2
1759,2201,2015-03-21,511,0,16,527,2549.89,0,129.92,2679.81
1760,2201,2015-04-19,510,4,0,514,2544.9,29.96,0,2574.86
1761,2201,2015-05-19,527,7,17,551,2629.73,52.43,138.04,2820.2
1762,2201,2015-06-17,547,10,94,651,2729.53,74.9,763.28,3567.71
1763,2201,2015-07-16,510,0,23,533,2544.9,0,186.76,2731.66
1764,2201,2015-08-15,501,18,0,519,2499.99,134.82,0,2634.81
1765,2201,2015-09-13,486,3,14,503,2425.14,22.47,113.68,2561.29
1766,2201,2015-10-13,129,15,16,160,643.71,112.35,129.92,885.98
1767,2201,2015-11-12,521,8,31,560,2599.79,59.92,251.72,2911.43
1768,2201,2015-12-11,514,132,5,651,2564.86,988.68,40.6,3594.14
1769,2201,2016-02-08,504,5,0,509,2514.96,37.45,0,2552.41
1770,2201,2016-03-08,508,11,0,519,2534.92,82.39,0,2617.31
1771,2201,2016-04-07,502,14,16,532,2504.98,104.86,129.92,2739.76
1772,2201,2016-05-06,506,25,0,531,2524.94,187.25,0,2712.19
1773,2201,2016-06-05,511,4,15,530,2549.89,29.96,121.8,2701.65
1774,2201,2016-07-05,523,0,32,555,2609.77,0,259.84,2869.61
1775,2201,2016-08-04,506,48,23,577,2524.94,359.52,186.76,3071.22
1776,2201,2016-09-03,497,35,9,541,2480.03,262.15,73.08,2815.26
1777,2201,2016-10-02,536,17,0,553,2674.64,127.33,0,2801.97
1778,2201,2016-11-01,509,18,24,551,2539.91,134.82,194.88,2869.61
1779,2201,2016-11-30,494,20,6,520,2465.06,149.8,48.72,2663.58
1780,2201,2016-12-29,503,14,9,526,2509.97,104.86,73.08,2687.91
1781,2211,2014-12-25,499,8,9,516,2490.01,59.92,73.08,2623.01
1782,2211,2015-01-23,500,8,0,508,2495,59.92,0,2554.92
1783,2211,2015-02-22,0,0,0,0,0,0,0,0
1784,2211,2015-03-24,503,357,1,861,2509.97,2673.93,8.12,5192.02
1785,2211,2015-04-23,540,10,20,570,2694.6,74.9,162.4,2931.9
1786,2211,2015-05-23,485,0,13,498,2420.15,0,105.56,2525.71
1787,2211,2015-06-22,498,11,0,509,2485.02,82.39,0,2567.41
1788,2211,2015-07-22,502,6,14,522,2504.98,44.94,113.68,2663.6
1789,2211,2015-08-20,503,12,22,537,2509.97,89.88,178.64,2778.49
1790,2211,2015-09-18,489,7,10,506,2440.11,52.43,81.2,2573.74
1791,2211,2015-10-17,506,15,21,542,2524.94,112.35,170.52,2807.81
1792,2211,2015-11-15,501,15,0,516,2499.99,112.35,0,2612.34
1793,2211,2015-12-14,502,0,7,509,2504.98,0,56.84,2561.82
1794,2211,2016-01-12,509,16,0,525,2539.91,119.84,0,2659.75
1795,2211,2016-02-10,526,28,42,596,2624.74,209.72,341.04,3175.5
1796,2211,2016-03-10,461,10,0,471,2300.39,74.9,0,2375.29
1797,2211,2016-04-08,500,0,0,500,2495,0,0,2495
1798,2211,2016-05-07,470,39,0,509,2345.3,292.11,0,2637.41
1799,2211,2016-06-06,498,0,12,510,2485.02,0,97.44,2582.46
1800,2211,2016-07-06,0,0,13,13,0,0,105.56,105.56
1801,2211,2016-08-04,275,2,8,285,1372.25,14.98,64.96,1452.19
1802,2211,2016-09-02,507,20,9,536,2529.93,149.8,73.08,2752.81
1803,2211,2016-10-01,587,3,9,599,2929.13,22.47,73.08,3024.68
1804,2211,2016-10-30,504,7,23,534,2514.96,52.43,186.76,2754.15
1805,2211,2016-11-28,676,11,0,687,3373.24,82.39,0,3455.63
1806,2211,2016-12-27,506,11,16,533,2524.94,82.39,129.92,2737.25
1807,2221,2014-12-27,294,48,0,342,1467.06,359.52,0,1826.58
1808,2221,2015-01-25,302,26,0,328,1506.98,194.74,0,1701.72
1809,2221,2015-02-23,302,25,28,355,1506.98,187.25,227.36,1921.59
1810,2221,2015-03-25,299,29,28,356,1492.01,217.21,227.36,1936.58
1811,2221,2015-04-24,0,36,0,36,0,269.64,0,269.64
1812,2221,2015-05-23,616,77,48,741,3073.84,576.73,389.76,4040.33
1813,2221,2015-06-21,281,36,0,317,1402.19,269.64,0,1671.83
1814,2221,2015-08-18,287,26,22,335,1432.13,194.74,178.64,1805.51
1815,2221,2015-09-17,298,30,30,358,1487.02,224.7,243.6,1955.32
1816,2221,2015-10-17,295,41,35,371,1472.05,307.09,284.2,2063.34
1817,2221,2015-11-16,311,20,21,352,1551.89,149.8,170.52,1872.21
1818,2221,2015-12-16,951,32,45,1028,4745.49,239.68,365.4,5350.57
1819,2221,2016-01-14,347,29,0,376,1731.53,217.21,0,1948.74
1820,2221,2016-02-12,300,21,28,349,1497,157.29,227.36,1881.65
1821,2221,2016-03-13,303,10,13,326,1511.97,74.9,105.56,1692.43
1822,2221,2016-04-12,303,0,24,327,1511.97,0,194.88,1706.85
1823,2221,2016-05-12,298,98,10,406,1487.02,734.02,81.2,2302.24
1824,2221,2016-06-11,383,26,13,422,1911.17,194.74,105.56,2211.47
1825,2221,2016-07-11,298,31,36,365,1487.02,232.19,292.32,2011.53
1826,2221,2016-08-09,262,42,27,331,1307.38,314.58,219.24,1841.2
1827,2221,2016-09-07,301,20,17,338,1501.99,149.8,138.04,1789.83
1828,2221,2016-10-06,296,0,20,316,1477.04,0,162.4,1639.44
1829,2221,2016-11-04,299,14,26,339,1492.01,104.86,211.12,1807.99
1830,2221,2016-12-04,297,1779,7,2083,1482.03,13324.71,56.84,14863.58
1831,2231,2014-12-21,483,2,56,541,2410.17,14.98,454.72,2879.87
1832,2231,2015-01-20,499,20,52,571,2490.01,149.8,422.24,3062.05
1833,2231,2015-02-18,509,0,26,535,2539.91,0,211.12,2751.03
1834,2231,2015-03-20,493,48,15,556,2460.07,359.52,121.8,2941.39
1835,2231,2015-04-18,502,19,17,538,2504.98,142.31,138.04,2785.33
1836,2231,2015-05-17,471,0,11,482,2350.29,0,89.32,2439.61
1837,2231,2015-06-15,495,18,0,513,2470.05,134.82,0,2604.87
1838,2231,2015-07-15,513,0,6,519,2559.87,0,48.72,2608.59
1839,2231,2015-08-13,475,18,0,493,2370.25,134.82,0,2505.07
1840,2231,2015-09-11,628,12,12,652,3133.72,89.88,97.44,3321.04
1841,2231,2015-10-10,498,33,23,554,2485.02,247.17,186.76,2918.95
1842,2231,2015-11-09,509,240,20,769,2539.91,1797.6,162.4,4499.91
1843,2231,2015-12-08,506,6,16,528,2524.94,44.94,129.92,2699.8
1844,2231,2016-01-07,493,27,0,520,2460.07,202.23,0,2662.3
1845,2231,2016-02-05,506,12,0,518,2524.94,89.88,0,2614.82
1846,2231,2016-03-05,502,6,2,510,2504.98,44.94,16.24,2566.16
1847,2231,2016-04-03,494,0,24,518,2465.06,0,194.88,2659.94
1848,2231,2016-05-03,497,0,2,499,2480.03,0,16.24,2496.27
1849,2231,2016-06-02,449,95,17,561,2240.51,711.55,138.04,3090.1
1850,2231,2016-07-02,502,17,22,541,2504.98,127.33,178.64,2810.95
1851,2231,2016-08-01,487,0,1,488,2430.13,0,8.12,2438.25
1852,2231,2016-08-30,528,1028,15,1571,2634.72,7699.72,121.8,10456.24
1853,2231,2016-09-28,515,3,13,531,2569.85,22.47,105.56,2697.88
1854,2231,2016-10-28,509,2,15,526,2539.91,14.98,121.8,2676.69
1855,2231,2016-11-27,498,0,9,507,2485.02,0,73.08,2558.1
1856,2231,2016-12-27,593,15,5,613,2959.07,112.35,40.6,3112.02
1857,2241,2015-11-07,308,24,0,332,1536.92,179.76,0,1716.68
1858,2241,2015-12-06,313,32,27,372,1561.87,239.68,219.24,2020.79
1859,2241,2016-01-04,307,41,188,536,1531.93,307.09,1526.56,3365.58
1860,2241,2016-02-03,301,438,45,784,1501.99,3280.62,365.4,5148.01
1861,2241,2016-03-04,270,21,26,317,1347.3,157.29,211.12,1715.71
1862,2241,2016-04-03,334,0,18,352,1666.66,0,146.16,1812.82
1863,2241,2016-05-03,318,96,7,421,1586.82,719.04,56.84,2362.7
1864,2241,2016-06-02,298,31,11,340,1487.02,232.19,89.32,1808.53
1865,2241,2016-07-02,325,49,59,433,1621.75,367.01,479.08,2467.84
1866,2241,2016-08-01,303,32,58,393,1511.97,239.68,470.96,2222.61
1867,2241,2016-08-31,305,30,32,367,1521.95,224.7,259.84,2006.49
1868,2241,2016-09-29,301,92,23,416,1501.99,689.08,186.76,2377.83
1869,2241,2016-10-28,324,95,4,423,1616.76,711.55,32.48,2360.79
1870,2241,2016-11-27,297,44,10,351,1482.03,329.56,81.2,1892.79
1871,2241,2016-12-26,288,58,15,361,1437.12,434.42,121.8,1993.34
1872,2251,2014-12-19,319,45,27,391,1591.81,337.05,219.24,2148.1
1873,2251,2015-01-17,278,89,0,367,1387.22,666.61,0,2053.83
1874,2251,2015-02-15,295,25,50,370,1472.05,187.25,406,2065.3
1875,2251,2015-03-17,317,0,11,328,1581.83,0,89.32,1671.15
1876,2251,2015-04-15,283,3,24,310,1412.17,22.47,194.88,1629.52
1877,2251,2015-05-14,306,14,7,327,1526.94,104.86,56.84,1688.64
1878,2251,2015-06-13,311,28,27,366,1551.89,209.72,219.24,1980.85
1879,2251,2015-07-13,304,31,54,389,1516.96,232.19,438.48,2187.63
1880,2251,2015-08-12,310,162,0,472,1546.9,1213.38,0,2760.28
1881,2251,2015-09-10,318,0,19,337,1586.82,0,154.28,1741.1
1882,2251,2015-10-10,302,105,16,423,1506.98,786.45,129.92,2423.35
1883,2251,2015-11-08,292,10,28,330,1457.08,74.9,227.36,1759.34
1884,2251,2015-12-07,325,32,30,387,1621.75,239.68,243.6,2105.03
1885,2251,2016-01-06,319,67,0,386,1591.81,501.83,0,2093.64
1886,2251,2016-02-05,298,36,4,338,1487.02,269.64,32.48,1789.14
1887,2251,2016-03-06,347,29,0,376,1731.53,217.21,0,1948.74
1888,2251,2016-04-05,302,16,17,335,1506.98,119.84,138.04,1764.86
1889,2251,2016-05-05,272,41,56,369,1357.28,307.09,454.72,2119.09
1890,2251,2016-06-03,169,0,25,194,843.31,0,203,1046.31
1891,2251,2016-07-02,307,32,9,348,1531.93,239.68,73.08,1844.69
1892,2251,2016-08-01,295,648,0,943,1472.05,4853.52,0,6325.57
1893,2251,2016-08-30,291,116,17,424,1452.09,868.84,138.04,2458.97
1894,2251,2016-09-28,293,26,21,340,1462.07,194.74,170.52,1827.33
1895,2251,2016-10-27,316,26,28,370,1576.84,194.74,227.36,1998.94
1896,2251,2016-11-25,337,76,26,439,1681.63,569.24,211.12,2461.99
1897,2251,2016-12-25,312,24,36,372,1556.88,179.76,292.32,2028.96
1898,2261,2016-12-09,105,19,44,168,523.95,142.31,357.28,1023.54
1899,2271,2016-09-19,311,27,11,349,1551.89,202.23,89.32,1843.44
1900,2271,2016-10-18,286,7,25,318,1427.14,52.43,203,1682.57
1901,2271,2016-12-16,240,21,20,281,1197.6,157.29,162.4,1517.29
1902,2281,2014-12-15,483,12,0,495,2410.17,89.88,0,2500.05
1903,2291,2015-07-27,665,35,9,709,3318.35,262.15,73.08,3653.58
1904,2291,2015-08-25,508,6,6,520,2534.92,44.94,48.72,2628.58
1905,2301,2014-12-07,504,0,9,513,2514.96,0,73.08,2588.04
1906,2301,2015-01-05,503,0,13,516,2509.97,0,105.56,2615.53
1907,2301,2015-02-04,491,11,26,528,2450.09,82.39,211.12,2743.6
1908,2301,2015-03-06,495,0,0,495,2470.05,0,0,2470.05
1909,2301,2015-04-05,500,0,5,505,2495,0,40.6,2535.6
1910,2301,2015-05-05,505,14,1,520,2519.95,104.86,8.12,2632.93
1911,2301,2015-06-04,533,7,14,554,2659.67,52.43,113.68,2825.78
1912,2301,2015-07-03,488,27,0,515,2435.12,202.23,0,2637.35
1913,2301,2015-08-02,480,0,73,553,2395.2,0,592.76,2987.96
1914,2301,2015-09-01,472,21,122,615,2355.28,157.29,990.64,3503.21
1915,2301,2015-10-01,135,0,32,167,673.65,0,259.84,933.49
1916,2301,2015-10-31,528,624,58,1210,2634.72,4673.76,470.96,7779.44
1917,2301,2015-11-29,510,8,18,536,2544.9,59.92,146.16,2750.98
1918,2301,2015-12-28,508,0,8,516,2534.92,0,64.96,2599.88
1919,2301,2016-01-27,499,9,0,508,2490.01,67.41,0,2557.42
1920,2301,2016-02-25,510,14,17,541,2544.9,104.86,138.04,2787.8
1921,2301,2016-03-26,512,22,21,555,2554.88,164.78,170.52,2890.18
1922,2301,2016-04-24,494,0,10,504,2465.06,0,81.2,2546.26
1923,2301,2016-05-24,507,10,4,521,2529.93,74.9,32.48,2637.31
1924,2301,2016-06-22,613,84,0,697,3058.87,629.16,0,3688.03
1925,2301,2016-07-21,523,13,20,556,2609.77,97.37,162.4,2869.54
1926,2301,2016-08-20,542,10,0,552,2704.58,74.9,0,2779.48
1927,2301,2016-09-18,489,19,10,518,2440.11,142.31,81.2,2663.62
1928,2301,2016-10-17,507,61,51,619,2529.93,456.89,414.12,3400.94
1929,2301,2016-11-15,647,25,9,681,3228.53,187.25,73.08,3488.86
1930,2301,2016-12-15,492,26,21,539,2455.08,194.74,170.52,2820.34
1931,2311,2015-01-15,134,33,31,198,668.66,247.17,251.72,1167.55
1932,2321,2014-12-21,143,21,12,176,713.57,157.29,97.44,968.3
1933,2321,2015-01-19,141,11,3,155,703.59,82.39,24.36,810.34
1934,2321,2015-02-18,156,0,281,437,778.44,0,2281.72,3060.16
1935,2321,2015-03-20,179,20,2,201,893.21,149.8,16.24,1059.25
1936,2321,2015-04-19,139,6,29,174,693.61,44.94,235.48,974.03
1937,2321,2015-06-18,158,7,0,165,788.42,52.43,0,840.85
1938,2321,2015-07-18,150,0,8,158,748.5,0,64.96,813.46
1939,2321,2015-08-17,70,134,16,220,349.3,1003.66,129.92,1482.88
1940,2321,2015-09-15,154,0,20,174,768.46,0,162.4,930.86
1941,2321,2015-10-15,157,9,42,208,783.43,67.41,341.04,1191.88
1942,2321,2015-11-14,150,40,4,194,748.5,299.6,32.48,1080.58
1943,2321,2015-12-14,155,6,6,167,773.45,44.94,48.72,867.11
1944,2321,2016-01-13,182,18,0,200,908.18,134.82,0,1043
1945,2331,2015-11-07,209,5,11,225,1042.91,37.45,89.32,1169.68
1946,2331,2015-12-06,143,18,15,176,713.57,134.82,121.8,970.19
1947,2331,2016-01-05,172,70,8,250,858.28,524.3,64.96,1447.54
1948,2331,2016-02-03,133,9,0,142,663.67,67.41,0,731.08
1949,2331,2016-03-04,163,8,0,171,813.37,59.92,0,873.29
1950,2331,2016-05-03,154,16,7,177,768.46,119.84,56.84,945.14
1951,2331,2016-06-01,123,0,61,184,613.77,0,495.32,1109.09
1952,2331,2016-06-30,155,178,12,345,773.45,1333.22,97.44,2204.11
1953,2331,2016-07-30,173,5,0,178,863.27,37.45,0,900.72
1954,2331,2016-08-29,139,22,1,162,693.61,164.78,8.12,866.51
1955,2331,2016-09-27,164,20,53,237,818.36,149.8,430.36,1398.52
1956,2331,2016-10-27,144,0,8,152,718.56,0,64.96,783.52
1957,2331,2016-11-26,186,10,12,208,928.14,74.9,97.44,1100.48
1958,2331,2016-12-25,141,32,17,190,703.59,239.68,138.04,1081.31
1959,2341,2015-09-02,310,100,19,429,1546.9,749,154.28,2450.18
1960,2341,2015-10-02,305,0,33,338,1521.95,0,267.96,1789.91
1961,2341,2015-10-31,319,22,31,372,1591.81,164.78,251.72,2008.31
1962,2341,2015-11-30,315,0,0,315,1571.85,0,0,1571.85
1963,2341,2015-12-29,0,12,7,19,0,89.88,56.84,146.72
1964,2341,2016-01-28,294,36,28,358,1467.06,269.64,227.36,1964.06
1965,2341,2016-02-26,311,22,81,414,1551.89,164.78,657.72,2374.39
1966,2341,2016-03-26,303,48,21,372,1511.97,359.52,170.52,2042.01
1967,2341,2016-04-25,304,35,66,405,1516.96,262.15,535.92,2315.03
1968,2341,2016-05-24,327,15,26,368,1631.73,112.35,211.12,1955.2
1969,2341,2016-06-22,207,22,10,239,1032.93,164.78,81.2,1278.91
1970,2341,2016-07-22,0,0,0,0,0,0,0,0
1971,2341,2016-08-21,1790,28,19,1837,8932.1,209.72,154.28,9296.1
1972,2341,2016-09-20,307,46,42,395,1531.93,344.54,341.04,2217.51
1973,2341,2016-10-19,358,46,0,404,1786.42,344.54,0,2130.96
1974,2351,2014-12-22,490,5,21,516,2445.1,37.45,170.52,2653.07
1975,2351,2015-01-20,525,16,25,566,2619.75,119.84,203,2942.59
1976,2351,2015-02-18,506,14,0,520,2524.94,104.86,0,2629.8
1977,2351,2015-03-19,507,2,21,530,2529.93,14.98,170.52,2715.43
1978,2351,2015-04-17,524,29,16,569,2614.76,217.21,129.92,2961.89
1979,2351,2015-05-17,499,13,19,531,2490.01,97.37,154.28,2741.66
1980,2351,2015-06-15,488,0,25,513,2435.12,0,203,2638.12
1981,2351,2015-07-15,482,3,21,506,2405.18,22.47,170.52,2598.17
1982,2351,2015-08-13,502,18,0,520,2504.98,134.82,0,2639.8
1983,2351,2015-10-11,487,0,23,510,2430.13,0,186.76,2616.89
1984,2351,2015-11-10,632,0,8,640,3153.68,0,64.96,3218.64
1985,2351,2015-12-09,515,10,304,829,2569.85,74.9,2468.48,5113.23
1986,2351,2016-01-08,506,6,0,512,2524.94,44.94,0,2569.88
1987,2351,2016-02-07,482,4,25,511,2405.18,29.96,203,2638.14
1988,2351,2016-03-08,494,28,0,522,2465.06,209.72,0,2674.78
1989,2351,2016-04-06,386,13,0,399,1926.14,97.37,0,2023.51
1990,2351,2016-05-06,511,8,0,519,2549.89,59.92,0,2609.81
1991,2351,2016-06-05,473,13,3,489,2360.27,97.37,24.36,2482
1992,2351,2016-07-04,525,19,13,557,2619.75,142.31,105.56,2867.62
1993,2351,2016-08-03,496,15,25,536,2475.04,112.35,203,2790.39
1994,2351,2016-09-01,499,9,0,508,2490.01,67.41,0,2557.42
1995,2351,2016-10-01,506,13,6,525,2524.94,97.37,48.72,2671.03
1996,2351,2016-10-30,508,3,8,519,2534.92,22.47,64.96,2622.35
1997,2351,2016-11-29,636,0,8,644,3173.64,0,64.96,3238.6
1998,2351,2016-12-29,550,0,0,550,2744.5,0,0,2744.5
1999,2361,2015-10-24,101,36,38,175,503.99,269.64,308.56,1082.19
2000,2361,2015-11-23,98,31,97,226,489.02,232.19,787.64,1508.85
2001,2361,2015-12-23,98,31,8,137,489.02,232.19,64.96,786.17
2002,2371,2016-08-22,616,0,34,650,3073.84,0,276.08,3349.92
2003,2371,2016-09-20,546,40,9,595,2724.54,299.6,73.08,3097.22
2004,2371,2016-10-20,502,30,0,532,2504.98,224.7,0,2729.68
2005,2371,2016-11-18,498,0,15,513,2485.02,0,121.8,2606.82
2006,2371,2016-12-17,0,29,9,38,0,217.21,73.08,290.29
2007,2381,2014-12-20,104,45,32,181,518.96,337.05,259.84,1115.85
2008,2381,2015-01-18,110,33,31,174,548.9,247.17,251.72,1047.79
2009,2381,2015-02-17,94,24,29,147,469.06,179.76,235.48,884.3
2010,2381,2015-03-19,762,27,31,820,3802.38,202.23,251.72,4256.33
2011,2381,2015-05-16,123,67,0,190,613.77,501.83,0,1115.6
2012,2381,2015-06-15,82,31,42,155,409.18,232.19,341.04,982.41
2013,2391,2014-12-30,469,53,37,559,2340.31,396.97,300.44,3037.72
2014,2391,2015-01-29,477,10,8,495,2380.23,74.9,64.96,2520.09
2015,2391,2015-02-27,504,67,3,574,2514.96,501.83,24.36,3041.15
2016,2391,2015-04-27,459,8,32,499,2290.41,59.92,259.84,2610.17
2017,2391,2015-05-26,480,7,15,502,2395.2,52.43,121.8,2569.43
2018,2391,2015-06-24,501,15,0,516,2499.99,112.35,0,2612.34
2019,2391,2015-07-24,503,0,14,517,2509.97,0,113.68,2623.65
2020,2391,2015-08-23,526,22,7,555,2624.74,164.78,56.84,2846.36
2021,2391,2015-09-21,515,5,11,531,2569.85,37.45,89.32,2696.62
2022,2391,2015-10-20,465,28,43,536,2320.35,209.72,349.16,2879.23
2023,2391,2015-11-19,479,37,18,534,2390.21,277.13,146.16,2813.5
2024,2391,2015-12-19,509,5,98,612,2539.91,37.45,795.76,3373.12
2025,2391,2016-01-18,577,0,0,577,2879.23,0,0,2879.23
2026,2391,2016-02-17,528,0,18,546,2634.72,0,146.16,2780.88
2027,2391,2016-03-17,461,0,8,469,2300.39,0,64.96,2365.35
2028,2391,2016-04-16,1671,11,11,1693,8338.29,82.39,89.32,8510
2029,2391,2016-05-16,525,57,10,592,2619.75,426.93,81.2,3127.88
2030,2391,2016-06-14,498,13,0,511,2485.02,97.37,0,2582.39
2031,2391,2016-07-14,475,0,17,492,2370.25,0,138.04,2508.29
2032,2391,2016-08-13,505,11,7,523,2519.95,82.39,56.84,2659.18
2033,2391,2016-09-12,489,1,0,490,2440.11,7.49,0,2447.6
2034,2391,2016-10-11,524,0,1,525,2614.76,0,8.12,2622.88
2035,2391,2016-11-10,513,0,6,519,2559.87,0,48.72,2608.59
2036,2391,2016-12-09,504,14,4,522,2514.96,104.86,32.48,2652.3
2037,2401,2016-12-04,294,36,16,346,1467.06,269.64,129.92,1866.62
2038,2411,2015-10-20,482,15,0,497,2405.18,112.35,0,2517.53
2039,2411,2015-11-19,505,39,10,554,2519.95,292.11,81.2,2893.26
2040,2411,2015-12-19,495,4,11,510,2470.05,29.96,89.32,2589.33
2041,2411,2016-01-18,485,12,36,533,2420.15,89.88,292.32,2802.35
2042,2411,2016-02-17,617,18,0,635,3078.83,134.82,0,3213.65
2043,2411,2016-03-17,488,21,14,523,2435.12,157.29,113.68,2706.09
2044,2411,2016-04-15,515,12,5,532,2569.85,89.88,40.6,2700.33
2045,2411,2016-05-15,496,5,57,558,2475.04,37.45,462.84,2975.33
2046,2411,2016-06-13,501,5,0,506,2499.99,37.45,0,2537.44
2047,2411,2016-07-13,504,53,0,557,2514.96,396.97,0,2911.93
2048,2411,2016-08-11,515,22,10,547,2569.85,164.78,81.2,2815.83
2049,2411,2016-09-09,496,0,14,510,2475.04,0,113.68,2588.72
2050,2411,2016-10-08,501,6,21,528,2499.99,44.94,170.52,2715.45
2051,2411,2016-11-07,464,0,38,502,2315.36,0,308.56,2623.92
2052,2411,2016-12-06,487,18,0,505,2430.13,134.82,0,2564.95
2053,2421,2016-10-12,84,0,34,118,419.16,0,276.08,695.24
2054,2421,2016-11-10,129,36,31,196,643.71,269.64,251.72,1165.07
2055,2421,2016-12-10,135,17,25,177,673.65,127.33,203,1003.98
2056,2431,2014-12-28,90,35,26,151,449.1,262.15,211.12,922.37
2057,2431,2015-01-27,117,0,0,117,583.83,0,0,583.83
2058,2431,2015-02-25,78,32,19,129,389.22,239.68,154.28,783.18
2059,2431,2015-03-27,120,22,27,169,598.8,164.78,219.24,982.82
2060,2431,2015-04-26,0,31,35,66,0,232.19,284.2,516.39
2061,2431,2015-05-25,123,26,33,182,613.77,194.74,267.96,1076.47
2062,2431,2015-06-23,0,28,0,28,0,209.72,0,209.72
2063,2431,2015-07-23,97,316,28,441,484.03,2366.84,227.36,3078.23
2064,2431,2015-08-22,106,38,29,173,528.94,284.62,235.48,1049.04
2065,2441,2014-12-13,338,45,30,413,1686.62,337.05,243.6,2267.27
2066,2441,2015-01-11,294,19,0,313,1467.06,142.31,0,1609.37
2067,2441,2015-02-10,309,31,13,353,1541.91,232.19,105.56,1879.66
2068,2441,2015-03-11,296,5,31,332,1477.04,37.45,251.72,1766.21
2069,2441,2015-04-09,299,41,25,365,1492.01,307.09,203,2002.1
2070,2441,2015-05-08,298,54,0,352,1487.02,404.46,0,1891.48
2071,2441,2015-06-07,305,22,64,391,1521.95,164.78,519.68,2206.41
2072,2441,2015-07-06,284,22,19,325,1417.16,164.78,154.28,1736.22
2073,2441,2015-08-04,324,41,17,382,1616.76,307.09,138.04,2061.89
2074,2441,2015-09-02,300,27,101,428,1497,202.23,820.12,2519.35
2075,2441,2015-10-01,304,31,9,344,1516.96,232.19,73.08,1822.23
2076,2441,2015-10-30,319,38,16,373,1591.81,284.62,129.92,2006.35
2077,2441,2015-11-28,815,40,0,855,4066.85,299.6,0,4366.45
2078,2441,2015-12-27,239,37,0,276,1192.61,277.13,0,1469.74
2079,2441,2016-01-25,297,30,0,327,1482.03,224.7,0,1706.73
2080,2441,2016-02-23,294,24,30,348,1467.06,179.76,243.6,1890.42
2081,2441,2016-03-24,300,47,47,394,1497,352.03,381.64,2230.67
2082,2441,2016-04-22,285,48,10,343,1422.15,359.52,81.2,1862.87
2083,2441,2016-05-21,304,36,0,340,1516.96,269.64,0,1786.6
2084,2441,2016-06-20,298,35,21,354,1487.02,262.15,170.52,1919.69
2085,2441,2016-07-20,303,33,21,357,1511.97,247.17,170.52,1929.66
2086,2441,2016-08-18,303,30,35,368,1511.97,224.7,284.2,2020.87
2087,2441,2016-09-17,283,25,31,339,1412.17,187.25,251.72,1851.14
2088,2441,2016-10-17,298,50,23,371,1487.02,374.5,186.76,2048.28
2089,2441,2016-11-15,445,48,9,502,2220.55,359.52,73.08,2653.15
2090,2441,2016-12-15,311,22,0,333,1551.89,164.78,0,1716.67
2091,2451,2015-01-01,485,20,28,533,2420.15,149.8,227.36,2797.31
2092,2451,2015-01-30,518,15,1,534,2584.82,112.35,8.12,2705.29
2093,2451,2015-03-01,464,0,0,464,2315.36,0,0,2315.36
2094,2451,2015-03-31,496,16,0,512,2475.04,119.84,0,2594.88
2095,2451,2015-04-30,502,14,42,558,2504.98,104.86,341.04,2950.88
2096,2451,2015-05-30,402,11,12,425,2005.98,82.39,97.44,2185.81
2097,2451,2015-06-28,492,34,54,580,2455.08,254.66,438.48,3148.22
2098,2451,2015-07-27,492,1,8,501,2455.08,7.49,64.96,2527.53
2099,2451,2015-08-26,488,0,0,488,2435.12,0,0,2435.12
2100,2451,2015-09-24,501,9,225,735,2499.99,67.41,1827,4394.4
2101,2451,2015-10-24,492,11,0,503,2455.08,82.39,0,2537.47
2102,2451,2015-11-22,495,27,0,522,2470.05,202.23,0,2672.28
2103,2451,2015-12-21,495,5,0,500,2470.05,37.45,0,2507.5
2104,2451,2016-01-20,551,52022,8,52581,2749.49,389644.78,64.96,392459.23
2105,2451,2016-02-18,506,11,11,528,2524.94,82.39,89.32,2696.65
2106,2451,2016-03-19,368,0,13,381,1836.32,0,105.56,1941.88
2107,2451,2016-04-18,503,43,7,553,2509.97,322.07,56.84,2888.88
2108,2451,2016-05-17,518,16,15,549,2584.82,119.84,121.8,2826.46
2109,2451,2016-06-15,464,0,7,471,2315.36,0,56.84,2372.2
2110,2451,2016-07-14,506,0,5,511,2524.94,0,40.6,2565.54
2111,2451,2016-08-12,683,157,16,856,3408.17,1175.93,129.92,4714.02
2112,2451,2016-09-11,499,0,30,529,2490.01,0,243.6,2733.61
2113,2451,2016-10-10,512,5,10,527,2554.88,37.45,81.2,2673.53
2114,2451,2016-11-08,510,0,87,597,2544.9,0,706.44,3251.34
2115,2451,2016-12-07,510,12,9,531,2544.9,89.88,73.08,2707.86
2116,2461,2014-12-14,106,40,78,224,528.94,299.6,633.36,1461.9
2117,2461,2015-01-12,93,28,38,159,464.07,209.72,308.56,982.35
2118,2461,2015-02-11,50,34,41,125,249.5,254.66,332.92,837.08
2119,2461,2015-03-13,98,0,47,145,489.02,0,381.64,870.66
2120,2461,2015-04-12,106,41,6,153,528.94,307.09,48.72,884.75
2121,2461,2015-05-11,140,16,44,200,698.6,119.84,357.28,1175.72
2122,2461,2015-06-10,234,24,24,282,1167.66,179.76,194.88,1542.3
2123,2461,2015-07-09,139,48,22,209,693.61,359.52,178.64,1231.77
2124,2461,2015-08-08,98,40,28,166,489.02,299.6,227.36,1015.98
2125,2461,2015-09-07,181,27,41,249,903.19,202.23,332.92,1438.34
2126,2461,2015-10-06,98,40,41,179,489.02,299.6,332.92,1121.54
2127,2461,2015-11-04,104,0,28,132,518.96,0,227.36,746.32
2128,2461,2016-01-01,91,32,30,153,454.09,239.68,243.6,937.37
2129,2461,2016-01-30,70,16,38,124,349.3,119.84,308.56,777.7
2130,2461,2016-02-28,101,22,21,144,503.99,164.78,170.52,839.29
2131,2461,2016-03-28,97,92,28,217,484.03,689.08,227.36,1400.47
2132,2461,2016-04-27,83,28,28,139,414.17,209.72,227.36,851.25
2133,2461,2016-05-26,80,23,0,103,399.2,172.27,0,571.47
2134,2461,2016-06-24,104,36,13,153,518.96,269.64,105.56,894.16
2135,2461,2016-07-23,69,41,18,128,344.31,307.09,146.16,797.56
2136,2461,2016-08-22,128,37,81,246,638.72,277.13,657.72,1573.57
2137,2471,2014-12-27,489,9,13,511,2440.11,67.41,105.56,2613.08
2138,2471,2015-01-25,497,0,4,501,2480.03,0,32.48,2512.51
2139,2471,2015-02-24,490,25,0,515,2445.1,187.25,0,2632.35
2140,2471,2015-03-25,495,0,2,497,2470.05,0,16.24,2486.29
2141,2471,2015-04-23,557,6,20,583,2779.43,44.94,162.4,2986.77
2142,2471,2015-05-23,500,19,5,524,2495,142.31,40.6,2677.91
2143,2471,2015-06-22,508,0,15,523,2534.92,0,121.8,2656.72
2144,2471,2015-07-21,521,17,4,542,2599.79,127.33,32.48,2759.6
2145,2471,2015-08-19,505,0,0,505,2519.95,0,0,2519.95
2146,2471,2015-09-17,484,8,10,502,2415.16,59.92,81.2,2556.28
2147,2471,2015-10-16,505,2,17,524,2519.95,14.98,138.04,2672.97
2148,2471,2015-11-15,466,16,19,501,2325.34,119.84,154.28,2599.46
2149,2471,2015-12-14,457,0,136,593,2280.43,0,1104.32,3384.75
2150,2471,2016-01-12,485,72,13,570,2420.15,539.28,105.56,3064.99
2151,2471,2016-02-11,512,13,43,568,2554.88,97.37,349.16,3001.41
2152,2471,2016-03-11,501,0,17,518,2499.99,0,138.04,2638.03
2153,2471,2016-04-10,521,5,16,542,2599.79,37.45,129.92,2767.16
2154,2471,2016-05-10,494,42,10,546,2465.06,314.58,81.2,2860.84
2155,2471,2016-06-06,506,0,6,512,2524.94,0,48.72,2573.66
2156,2471,2016-07-06,488,9,0,497,2435.12,67.41,0,2502.53
2157,2471,2016-08-04,489,31,8,528,2440.11,232.19,64.96,2737.26
2158,2471,2016-09-02,503,20,0,523,2509.97,149.8,0,2659.77
2159,2471,2016-10-01,462,26,13,501,2305.38,194.74,105.56,2605.68
2160,2471,2016-10-30,503,2,17,522,2509.97,14.98,138.04,2662.99
2161,2471,2016-11-29,501,0,20,521,2499.99,0,162.4,2662.39
2162,2471,2016-12-29,504,19,8,531,2514.96,142.31,64.96,2722.23
2163,2481,2014-12-03,86,30,19,135,429.14,224.7,154.28,808.12
2164,2481,2015-01-31,153,0,31,184,763.47,0,251.72,1015.19
2165,2491,2014-12-15,335,40,29,404,1671.65,299.6,235.48,2206.73
2166,2491,2015-01-13,302,19,0,321,1506.98,142.31,0,1649.29
2167,2491,2015-02-11,283,113,36,432,1412.17,846.37,292.32,2550.86
2168,2491,2015-03-12,311,2,18,331,1551.89,14.98,146.16,1713.03
2169,2491,2015-04-10,273,39,0,312,1362.27,292.11,0,1654.38
2170,2491,2015-05-09,265,30,26,321,1322.35,224.7,211.12,1758.17
2171,2491,2015-06-08,302,0,24,326,1506.98,0,194.88,1701.86
2172,2491,2015-07-07,299,50,19,368,1492.01,374.5,154.28,2020.79
2173,2491,2015-08-05,236,0,19,255,1177.64,0,154.28,1331.92
2174,2491,2015-09-03,301,21,5,327,1501.99,157.29,40.6,1699.88
2175,2491,2015-10-02,306,31,34,371,1526.94,232.19,276.08,2035.21
2176,2491,2015-11-01,321,0,0,321,1601.79,0,0,1601.79
2177,2491,2015-11-30,308,39,8,355,1536.92,292.11,64.96,1893.99
2178,2491,2015-12-30,324,18,16,358,1616.76,134.82,129.92,1881.5
2179,2491,2016-01-28,218,30,118,366,1087.82,224.7,958.16,2270.68
2180,2491,2016-02-26,295,80,30,405,1472.05,599.2,243.6,2314.85
2181,2491,2016-03-26,310,0,25,335,1546.9,0,203,1749.9
2182,2491,2016-04-25,305,0,60,365,1521.95,0,487.2,2009.15
2183,2491,2016-05-24,307,25,33,365,1531.93,187.25,267.96,1987.14
2184,2491,2016-06-23,308,22,2,332,1536.92,164.78,16.24,1717.94
2185,2491,2016-07-23,304,27,23,354,1516.96,202.23,186.76,1905.95
2186,2491,2016-08-21,351,89,127,567,1751.49,666.61,1031.24,3449.34
2187,2491,2016-09-20,296,28,24,348,1477.04,209.72,194.88,1881.64
2188,2491,2016-10-20,279,15,0,294,1392.21,112.35,0,1504.56
2189,2491,2016-11-18,302,26,0,328,1506.98,194.74,0,1701.72
2190,2491,2016-12-17,283,34,22,339,1412.17,254.66,178.64,1845.47
2191,2501,2016-07-25,492,279,20,791,2455.08,2089.71,162.4,4707.19
2192,2501,2016-08-23,572,14,0,586,2854.28,104.86,0,2959.14
2193,2511,2014-12-10,274,37,11,322,1367.26,277.13,89.32,1733.71
2194,2511,2015-01-09,298,42,62,402,1487.02,314.58,503.44,2305.04
2195,2511,2015-02-07,311,33,15,359,1551.89,247.17,121.8,1920.86
2196,2511,2015-03-09,298,29,36,363,1487.02,217.21,292.32,1996.55
2197,2511,2015-04-07,309,45,26,380,1541.91,337.05,211.12,2090.08
2198,2511,2015-05-07,299,33,0,332,1492.01,247.17,0,1739.18
2199,2511,2015-06-06,286,26,11,323,1427.14,194.74,89.32,1711.2
2200,2511,2015-07-05,263,23,19,305,1312.37,172.27,154.28,1638.92
2201,2511,2015-08-04,310,24,0,334,1546.9,179.76,0,1726.66
2202,2511,2015-09-02,311,343,11,665,1551.89,2569.07,89.32,4210.28
2203,2511,2015-10-01,298,26,29,353,1487.02,194.74,235.48,1917.24
2204,2511,2015-10-30,302,11,14,327,1506.98,82.39,113.68,1703.05
2205,2511,2015-11-28,259,77,27,363,1292.41,576.73,219.24,2088.38
2206,2511,2015-12-27,294,37,58,389,1467.06,277.13,470.96,2215.15
2207,2511,2016-01-26,301,0,34,335,1501.99,0,276.08,1778.07
2208,2511,2016-02-24,290,77,23,390,1447.1,576.73,186.76,2210.59
2209,2511,2016-03-25,303,0,8,311,1511.97,0,64.96,1576.93
2210,2511,2016-04-23,303,24,53,380,1511.97,179.76,430.36,2122.09
2211,2511,2016-05-23,325,23,16,364,1621.75,172.27,129.92,1923.94
2212,2511,2016-06-21,281,32,14,327,1402.19,239.68,113.68,1755.55
2213,2511,2016-07-21,399,33,18,450,1991.01,247.17,146.16,2384.34
2214,2511,2016-08-20,617,0,0,617,3078.83,0,0,3078.83
2215,2511,2016-09-19,305,31,5,341,1521.95,232.19,40.6,1794.74
2216,2511,2016-10-18,295,32,18,345,1472.05,239.68,146.16,1857.89
2217,2511,2016-11-16,309,0,560,869,1541.91,0,4547.2,6089.11
2218,2511,2016-12-16,309,22,17,348,1541.91,164.78,138.04,1844.73
2219,2521,2014-12-22,362,0,34,396,1806.38,0,276.08,2082.46
2220,2521,2015-01-20,299,171,9,479,1492.01,1280.79,73.08,2845.88
2221,2521,2015-02-19,309,34,36,379,1541.91,254.66,292.32,2088.89
2222,2521,2015-03-20,369,16,37,422,1841.31,119.84,300.44,2261.59
2223,2521,2015-04-19,294,41,12,347,1467.06,307.09,97.44,1871.59
2224,2521,2015-05-19,320,65,0,385,1596.8,486.85,0,2083.65
2225,2521,2015-06-18,294,29,25,348,1467.06,217.21,203,1887.27
2226,2521,2015-07-17,97,6,15,118,484.03,44.94,121.8,650.77
2227,2521,2015-08-15,299,25,0,324,1492.01,187.25,0,1679.26
2228,2521,2015-09-14,219,33,0,252,1092.81,247.17,0,1339.98
2229,2521,2015-11-13,312,44,93,449,1556.88,329.56,755.16,2641.6
2230,2521,2015-12-13,292,37,25,354,1457.08,277.13,203,1937.21
2231,2521,2016-01-11,315,37,17,369,1571.85,277.13,138.04,1987.02
2232,2521,2016-02-09,199,27,87,313,993.01,202.23,706.44,1901.68
2233,2521,2016-03-09,304,40,113,457,1516.96,299.6,917.56,2734.12
2234,2521,2016-04-08,290,30,35,355,1447.1,224.7,284.2,1956
2235,2521,2016-05-08,170,38,21,229,848.3,284.62,170.52,1303.44
2236,2521,2016-06-06,291,31,5,327,1452.09,232.19,40.6,1724.88
2237,2521,2016-07-06,298,26,0,324,1487.02,194.74,0,1681.76
2238,2521,2016-08-05,326,31,66,423,1626.74,232.19,535.92,2394.85
2239,2521,2016-09-03,382,38,39,459,1906.18,284.62,316.68,2507.48
2240,2521,2016-10-03,286,46,9,341,1427.14,344.54,73.08,1844.76
2241,2521,2016-11-01,262,30,17,309,1307.38,224.7,138.04,1670.12
2242,2521,2016-11-30,302,38,8,348,1506.98,284.62,64.96,1856.56
2243,2521,2016-12-29,407,53,15,475,2030.93,396.97,121.8,2549.7
2244,2531,2016-12-16,307,28,89,424,1531.93,209.72,722.68,2464.33
2245,2541,2016-08-22,292,7,35,334,1457.08,52.43,284.2,1793.71
2246,2541,2016-09-20,318,37,15,370,1586.82,277.13,121.8,1985.75
2247,2541,2016-10-19,245,38,24,307,1222.55,284.62,194.88,1702.05
2248,2541,2016-11-18,263,23,0,286,1312.37,172.27,0,1484.64
2249,2541,2016-12-18,296,29,128,453,1477.04,217.21,1039.36,2733.61
2250,2551,2016-09-26,489,0,2,491,2440.11,0,16.24,2456.35
2251,2551,2016-10-25,490,10,10,510,2445.1,74.9,81.2,2601.2
2252,2551,2016-11-23,487,0,12,499,2430.13,0,97.44,2527.57
2253,2551,2016-12-22,498,8,98,604,2485.02,59.92,795.76,3340.7
2254,2561,2014-12-04,292,26,0,318,1457.08,194.74,0,1651.82
2255,2561,2015-01-03,302,154,55,511,1506.98,1153.46,446.6,3107.04
2256,2561,2015-02-02,396,29,62,487,1976.04,217.21,503.44,2696.69
2257,2561,2015-03-03,0,43,22,65,0,322.07,178.64,500.71
2258,2561,2015-04-01,299,39,19,357,1492.01,292.11,154.28,1938.4
2259,2561,2015-05-01,298,39,0,337,1487.02,292.11,0,1779.13
2260,2561,2015-05-30,262,0,47,309,1307.38,0,381.64,1689.02
2261,2561,2015-06-29,305,36,5,346,1521.95,269.64,40.6,1832.19
2262,2561,2015-07-29,312,32,22,366,1556.88,239.68,178.64,1975.2
2263,2561,2015-08-27,301,27,0,328,1501.99,202.23,0,1704.22
2264,2561,2015-09-26,289,31,6,326,1442.11,232.19,48.72,1723.02
2265,2561,2015-10-26,298,12,367,677,1487.02,89.88,2980.04,4556.94
2266,2561,2015-11-25,307,23,31,361,1531.93,172.27,251.72,1955.92
2267,2561,2015-12-25,313,15,0,328,1561.87,112.35,0,1674.22
2268,2561,2016-01-23,323,103,32,458,1611.77,771.47,259.84,2643.08
2269,2561,2016-02-21,284,30,5,319,1417.16,224.7,40.6,1682.46
2270,2561,2016-03-22,216,27,18,261,1077.84,202.23,146.16,1426.23
2271,2561,2016-04-21,0,1,0,1,0,7.49,0,7.49
2272,2561,2016-05-21,293,31,0,324,1462.07,232.19,0,1694.26
2273,2561,2016-06-19,288,32,37,357,1437.12,239.68,300.44,1977.24
2274,2561,2016-07-18,284,32,0,316,1417.16,239.68,0,1656.84
2275,2561,2016-08-16,293,55,39,387,1462.07,411.95,316.68,2190.7
2276,2561,2016-09-14,315,48,821,1184,1571.85,359.52,6666.52,8597.89
2277,2561,2016-10-14,296,0,12,308,1477.04,0,97.44,1574.48
2278,2561,2016-11-12,313,47,31,391,1561.87,352.03,251.72,2165.62
2279,2561,2016-12-12,300,25,0,325,1497,187.25,0,1684.25
2280,2571,2016-04-17,299,26,1,326,1492.01,194.74,8.12,1694.87
2281,2571,2016-05-16,272,22,24,318,1357.28,164.78,194.88,1716.94
2282,2571,2016-06-14,302,38,11,351,1506.98,284.62,89.32,1880.92
2283,2571,2016-07-13,294,28,68,390,1467.06,209.72,552.16,2228.94
2284,2571,2016-08-11,314,25,19,358,1566.86,187.25,154.28,1908.39
2285,2571,2016-09-09,308,32,52,392,1536.92,239.68,422.24,2198.84
2286,2571,2016-10-09,291,33,0,324,1452.09,247.17,0,1699.26
2287,2571,2016-11-08,263,38,17,318,1312.37,284.62,138.04,1735.03
2288,2571,2016-12-07,310,189,14,513,1546.9,1415.61,113.68,3076.19
2289,2581,2016-04-13,212,42,25,279,1057.88,314.58,203,1575.46
2290,2581,2016-05-13,107,0,6,113,533.93,0,48.72,582.65
2291,2581,2016-06-12,108,30,27,165,538.92,224.7,219.24,982.86
2292,2581,2016-07-11,96,0,28,124,479.04,0,227.36,706.4
2293,2581,2016-08-10,86,53,0,139,429.14,396.97,0,826.11
2294,2581,2016-09-09,124,32,5,161,618.76,239.68,40.6,899.04
2295,2581,2016-10-08,101,24,31,156,503.99,179.76,251.72,935.47
2296,2581,2016-11-07,0,19,28,47,0,142.31,227.36,369.67
2297,2581,2016-12-07,114,144,26,284,568.86,1078.56,211.12,1858.54
2298,2591,2014-12-26,507,23,19,549,2529.93,172.27,154.28,2856.48
2299,2591,2015-01-24,523,38,6,567,2609.77,284.62,48.72,2943.11
2300,2591,2015-02-22,485,0,21,506,2420.15,0,170.52,2590.67
2301,2591,2015-03-24,508,0,15,523,2534.92,0,121.8,2656.72
2302,2591,2015-04-22,511,0,0,511,2549.89,0,0,2549.89
2303,2591,2015-05-21,498,4,0,502,2485.02,29.96,0,2514.98
2304,2591,2015-06-19,533,14,0,547,2659.67,104.86,0,2764.53
2305,2591,2015-07-19,445,2,17,464,2220.55,14.98,138.04,2373.57
2306,2591,2015-08-17,526,6,15,547,2624.74,44.94,121.8,2791.48
2307,2591,2015-09-16,495,0,10,505,2470.05,0,81.2,2551.25
2308,2591,2015-10-15,495,41,68,604,2470.05,307.09,552.16,3329.3
2309,2591,2015-11-14,489,10,10,509,2440.11,74.9,81.2,2596.21
2310,2591,2015-12-14,508,3,0,511,2534.92,22.47,0,2557.39
2311,2591,2016-01-12,531,13,0,544,2649.69,97.37,0,2747.06
2312,2591,2016-02-10,482,1,21,504,2405.18,7.49,170.52,2583.19
2313,2591,2016-03-11,487,18,0,505,2430.13,134.82,0,2564.95
2314,2591,2016-04-10,518,34,4,556,2584.82,254.66,32.48,2871.96
2315,2591,2016-05-10,536,13,15,564,2674.64,97.37,121.8,2893.81
2316,2591,2016-06-09,516,0,8,524,2574.84,0,64.96,2639.8
2317,2591,2016-07-09,529,13,14,556,2639.71,97.37,113.68,2850.76
2318,2591,2016-08-07,506,0,11,517,2524.94,0,89.32,2614.26
2319,2591,2016-09-05,499,4,8,511,2490.01,29.96,64.96,2584.93
2320,2591,2016-10-04,658,4,75,737,3283.42,29.96,609,3922.38
2321,2591,2016-11-02,521,72,6,599,2599.79,539.28,48.72,3187.79
2322,2591,2016-12-01,501,3,12,516,2499.99,22.47,97.44,2619.9
2323,2591,2016-12-30,496,0,15,511,2475.04,0,121.8,2596.84
2324,2601,2014-12-27,309,41,46,396,1541.91,307.09,373.52,2222.52
2325,2601,2015-01-26,323,0,27,350,1611.77,0,219.24,1831.01
2326,2601,2015-02-25,406,104,0,510,2025.94,778.96,0,2804.9
2327,2601,2015-03-26,43403,25,142,43570,216580.97,187.25,1153.04,217921.26
2328,2601,2015-04-25,287,14,11,312,1432.13,104.86,89.32,1626.31
2329,2601,2015-05-25,314,56,109,479,1566.86,419.44,885.08,2871.38
2330,2601,2015-06-23,267,20,21,308,1332.33,149.8,170.52,1652.65
2331,2601,2015-07-22,218,29,9,256,1087.82,217.21,73.08,1378.11
2332,2601,2015-08-21,322,48,13,383,1606.78,359.52,105.56,2071.86
2333,2601,2015-09-19,289,342,40,671,1442.11,2561.58,324.8,4328.49
2334,2601,2015-10-18,301,30,37,368,1501.99,224.7,300.44,2027.13
2335,2601,2015-11-17,295,23,6,324,1472.05,172.27,48.72,1693.04
2336,2601,2015-12-17,298,33,37,368,1487.02,247.17,300.44,2034.63
2337,2601,2016-01-16,295,35,63,393,1472.05,262.15,511.56,2245.76
2338,2601,2016-02-15,297,46,13,356,1482.03,344.54,105.56,1932.13
2339,2601,2016-03-15,290,36,0,326,1447.1,269.64,0,1716.74
2340,2601,2016-04-14,299,20,26,345,1492.01,149.8,211.12,1852.93
2341,2601,2016-06-11,296,0,9,305,1477.04,0,73.08,1550.12
2342,2601,2016-07-10,284,22,0,306,1417.16,164.78,0,1581.94
2343,2601,2016-08-08,297,30,16,343,1482.03,224.7,129.92,1836.65
2344,2601,2016-09-06,313,54,17,384,1561.87,404.46,138.04,2104.37
2345,2601,2016-10-06,277,37,20,334,1382.23,277.13,162.4,1821.76
2346,2601,2016-11-04,287,95,0,382,1432.13,711.55,0,2143.68
2347,2601,2016-12-03,362,31,59,452,1806.38,232.19,479.08,2517.65
2348,2611,2016-03-31,96,19,29,144,479.04,142.31,235.48,856.83
2349,2611,2016-04-29,124,16,29,169,618.76,119.84,235.48,974.08
2350,2621,2014-12-14,581,10,43,634,2899.19,74.9,349.16,3323.25
2351,2621,2015-01-13,493,0,17,510,2460.07,0,138.04,2598.11
2352,2621,2015-02-12,497,11,58,566,2480.03,82.39,470.96,3033.38
2353,2621,2015-03-14,501,10,38,549,2499.99,74.9,308.56,2883.45
2354,2621,2015-04-13,502,21,31,554,2504.98,157.29,251.72,2913.99
2355,2621,2015-05-12,522,24,0,546,2604.78,179.76,0,2784.54
2356,2621,2015-06-11,480,15,11,506,2395.2,112.35,89.32,2596.87
2357,2621,2015-07-11,502,0,6,508,2504.98,0,48.72,2553.7
2358,2621,2015-08-10,501,0,0,501,2499.99,0,0,2499.99
2359,2621,2015-09-08,524,17,0,541,2614.76,127.33,0,2742.09
2360,2621,2015-10-08,498,11,23,532,2485.02,82.39,186.76,2754.17
2361,2621,2015-11-06,506,14,2,522,2524.94,104.86,16.24,2646.04
2362,2621,2015-12-05,497,6,6,509,2480.03,44.94,48.72,2573.69
2363,2621,2016-01-04,498,15,0,513,2485.02,112.35,0,2597.37
2364,2621,2016-02-03,481,18,9,508,2400.19,134.82,73.08,2608.09
2365,2621,2016-03-04,539,0,22,561,2689.61,0,178.64,2868.25
2366,2621,2016-04-03,2548,2,0,2550,12714.52,14.98,0,12729.5
2367,2621,2016-05-02,506,9,11,526,2524.94,67.41,89.32,2681.67
2368,2621,2016-05-31,479,9,15,503,2390.21,67.41,121.8,2579.42
2369,2621,2016-06-29,0,29,31,60,0,217.21,251.72,468.93
2370,2621,2016-07-29,492,7,0,499,2455.08,52.43,0,2507.51
2371,2621,2016-08-27,456,0,26,482,2275.44,0,211.12,2486.56
2372,2621,2016-09-26,477,32,10,519,2380.23,239.68,81.2,2701.11
2373,2621,2016-10-26,509,10,0,519,2539.91,74.9,0,2614.81
2374,2621,2016-11-25,511,13,20,544,2549.89,97.37,162.4,2809.66
2375,2621,2016-12-24,454,0,36,490,2265.46,0,292.32,2557.78
2376,2631,2014-12-26,583,0,4,587,2909.17,0,32.48,2941.65
2377,2631,2015-01-24,494,0,9,503,2465.06,0,73.08,2538.14
2378,2631,2015-02-23,503,19,2,524,2509.97,142.31,16.24,2668.52
2379,2631,2015-03-25,523,13,0,536,2609.77,97.37,0,2707.14
2380,2631,2015-04-23,491,9,14,514,2450.09,67.41,113.68,2631.18
2381,2631,2015-05-22,496,4,15,515,2475.04,29.96,121.8,2626.8
2382,2631,2015-06-20,524,0,25,549,2614.76,0,203,2817.76
2383,2631,2015-07-19,479,13,28,520,2390.21,97.37,227.36,2714.94
2384,2631,2015-08-17,503,24,0,527,2509.97,179.76,0,2689.73
2385,2631,2015-09-15,485,10,13,508,2420.15,74.9,105.56,2600.61
2386,2631,2015-10-14,490,13,24,527,2445.1,97.37,194.88,2737.35
2387,2631,2015-11-12,511,0,0,511,2549.89,0,0,2549.89
2388,2631,2015-12-11,539,10,5,554,2689.61,74.9,40.6,2805.11
2389,2631,2016-01-09,495,0,14,509,2470.05,0,113.68,2583.73
2390,2631,2016-02-08,521,216,0,737,2599.79,1617.84,0,4217.63
2391,2631,2016-03-09,507,16,59,582,2529.93,119.84,479.08,3128.85
2392,2631,2016-04-07,487,0,48,535,2430.13,0,389.76,2819.89
2393,2631,2016-05-06,620,7,15,642,3093.8,52.43,121.8,3268.03
2394,2631,2016-06-05,543,4,3,550,2709.57,29.96,24.36,2763.89
2395,2631,2016-07-05,492,8,22,522,2455.08,59.92,178.64,2693.64
2396,2631,2016-08-03,527,0,21,548,2629.73,0,170.52,2800.25
2397,2631,2016-09-02,492,12,0,504,2455.08,89.88,0,2544.96
2398,2631,2016-10-02,475,26,38245,38746,2370.25,194.74,310549.4,313114.39
2399,2631,2016-11-01,501,19,0,520,2499.99,142.31,0,2642.3
2400,2631,2016-12-01,510,0,20,530,2544.9,0,162.4,2707.3
2401,2631,2016-12-31,487,12,6,505,2430.13,89.88,48.72,2568.73
2402,2641,2016-06-18,280,33,16,329,1397.2,247.17,129.92,1774.29
2403,2641,2016-07-17,302,40,145,487,1506.98,299.6,1177.4,2983.98
2404,2641,2016-08-15,281,42,0,323,1402.19,314.58,0,1716.77
2405,2641,2016-09-14,299,54,27,380,1492.01,404.46,219.24,2115.71
2406,2641,2016-10-14,326,27,3,356,1626.74,202.23,24.36,1853.33
2407,2641,2016-11-12,297,48,0,345,1482.03,359.52,0,1841.55
2408,2641,2016-12-12,461,54,0,515,2300.39,404.46,0,2704.85
2409,2651,2016-07-21,305,25,12,342,1521.95,187.25,97.44,1806.64
2410,2651,2016-08-19,293,9,11,313,1462.07,67.41,89.32,1618.8
2411,2651,2016-09-17,296,99,0,395,1477.04,741.51,0,2218.55
2412,2651,2016-10-16,366,55,19,440,1826.34,411.95,154.28,2392.57
2413,2651,2016-11-14,293,25,0,318,1462.07,187.25,0,1649.32
2414,2651,2016-12-13,293,36,0,329,1462.07,269.64,0,1731.71
2415,2661,2014-12-10,496,14,19,529,2475.04,104.86,154.28,2734.18
2416,2661,2015-01-08,510,0,13,523,2544.9,0,105.56,2650.46
2417,2661,2015-02-07,501,9,4,514,2499.99,67.41,32.48,2599.88
2418,2661,2015-03-08,342,31,0,373,1706.58,232.19,0,1938.77
2419,2661,2015-04-07,483,11,4,498,2410.17,82.39,32.48,2525.04
2420,2661,2015-05-06,496,13,23,532,2475.04,97.37,186.76,2759.17
2421,2661,2015-06-05,496,13,23,532,2475.04,97.37,186.76,2759.17
2422,2661,2015-07-05,488,0,0,488,2435.12,0,0,2435.12
2423,2661,2015-08-04,411,0,14,425,2050.89,0,113.68,2164.57
2424,2661,2015-09-03,520,208,8,736,2594.8,1557.92,64.96,4217.68
2425,2661,2015-11-01,514,15,13,542,2564.86,112.35,105.56,2782.77
2426,2661,2015-11-30,496,205,15,716,2475.04,1535.45,121.8,4132.29
2427,2661,2015-12-30,557,10,22,589,2779.43,74.9,178.64,3032.97
2428,2661,2016-01-29,630,11,32,673,3143.7,82.39,259.84,3485.93
2429,2661,2016-02-28,505,17,0,522,2519.95,127.33,0,2647.28
2430,2661,2016-03-29,501,12,7,520,2499.99,89.88,56.84,2646.71
2431,2661,2016-04-27,498,12,13,523,2485.02,89.88,105.56,2680.46
2432,2661,2016-05-26,489,21,140,650,2440.11,157.29,1136.8,3734.2
2433,2661,2016-06-25,520,0,2,522,2594.8,0,16.24,2611.04
2434,2661,2016-07-25,518,15,0,533,2584.82,112.35,0,2697.17
2435,2661,2016-08-24,496,13,7,516,2475.04,97.37,56.84,2629.25
2436,2661,2016-09-23,506,0,63,569,2524.94,0,511.56,3036.5
2437,2661,2016-10-23,494,3,7,504,2465.06,22.47,56.84,2544.37
2438,2661,2016-12-21,469,0,0,469,2340.31,0,0,2340.31
2439,2671,2014-12-10,90,20,62,172,449.1,149.8,503.44,1102.34
2440,2671,2015-01-09,111,13,74,198,553.89,97.37,600.88,1252.14
2441,2671,2015-02-08,100,46,36,182,499,344.54,292.32,1135.86
2442,2671,2015-03-10,95,12,33,140,474.05,89.88,267.96,831.89
2443,2681,2016-05-22,501,22,8,531,2499.99,164.78,64.96,2729.73
2444,2681,2016-06-21,500,0,16,516,2495,0,129.92,2624.92
2445,2681,2016-07-21,571,0,0,571,2849.29,0,0,2849.29
2446,2681,2016-08-20,496,4,0,500,2475.04,29.96,0,2505
2447,2681,2016-09-18,495,18,17,530,2470.05,134.82,138.04,2742.91
2448,2681,2016-10-18,419,4,9,432,2090.81,29.96,73.08,2193.85
2449,2681,2016-11-16,438,2,0,440,2185.62,14.98,0,2200.6
2450,2681,2016-12-15,482,0,6,488,2405.18,0,48.72,2453.9
2451,2691,2014-12-07,121,26,243,390,603.79,194.74,1973.16,2771.69
2452,2691,2015-01-06,136,32,0,168,678.64,239.68,0,918.32
2453,2691,2015-02-04,94,19,27,140,469.06,142.31,219.24,830.61
2454,2691,2015-03-06,106,34,23,163,528.94,254.66,186.76,970.36
2455,2701,2016-12-04,298,25,0,323,1487.02,187.25,0,1674.27
2456,2711,2016-08-06,310,34,32,376,1546.9,254.66,259.84,2061.4
2457,2711,2016-09-05,301,28,21,350,1501.99,209.72,170.52,1882.23
2458,2711,2016-10-04,301,71,0,372,1501.99,531.79,0,2033.78
2459,2711,2016-11-03,297,46,0,343,1482.03,344.54,0,1826.57
2460,2711,2016-12-02,326,0,17,343,1626.74,0,138.04,1764.78
2461,2721,2014-12-04,149,12,14,175,743.51,89.88,113.68,947.07
2462,2721,2015-01-03,139,1,9,149,693.61,7.49,73.08,774.18
2463,2721,2015-02-01,112,17,2,131,558.88,127.33,16.24,702.45
2464,2721,2015-04-02,157,0,14,171,783.43,0,113.68,897.11
2465,2721,2015-05-02,139,8,3,150,693.61,59.92,24.36,777.89
2466,2721,2015-05-31,148,1,16,165,738.52,7.49,129.92,875.93
2467,2721,2015-06-30,161,0,35,196,803.39,0,284.2,1087.59
2468,2721,2015-07-30,221,19,0,240,1102.79,142.31,0,1245.1
2469,2721,2015-08-28,144,13,0,157,718.56,97.37,0,815.93
2470,2721,2015-09-26,158,0,17,175,788.42,0,138.04,926.46
2471,2721,2015-10-26,153,18,0,171,763.47,134.82,0,898.29
2472,2721,2015-11-24,142,80,38,260,708.58,599.2,308.56,1616.34
2473,2721,2015-12-24,157,2,16,175,783.43,14.98,129.92,928.33
2474,2721,2016-02-21,150,9,11,170,748.5,67.41,89.32,905.23
2475,2721,2016-03-21,175,63,5,243,873.25,471.87,40.6,1385.72
2476,2721,2016-04-19,0,17,2,19,0,127.33,16.24,143.57
2477,2721,2016-05-18,150,18,11,179,748.5,134.82,89.32,972.64
2478,2721,2016-06-17,128,7,14,149,638.72,52.43,113.68,804.83
2479,2721,2016-07-16,169,0,26,195,843.31,0,211.12,1054.43
2480,2731,2014-12-12,470,8,17,495,2345.3,59.92,138.04,2543.26
2481,2731,2015-01-10,420,0,17,437,2095.8,0,138.04,2233.84
2482,2731,2015-02-08,506,21,66,593,2524.94,157.29,535.92,3218.15
2483,2731,2015-03-09,513,22,40,575,2559.87,164.78,324.8,3049.45
2484,2731,2015-04-07,605,22,23,650,3018.95,164.78,186.76,3370.49
2485,2731,2015-05-07,536,27,0,563,2674.64,202.23,0,2876.87
2486,2731,2015-06-06,507,0,32,539,2529.93,0,259.84,2789.77
2487,2731,2015-07-05,491,11,18,520,2450.09,82.39,146.16,2678.64
2488,2731,2015-08-03,492,8,0,500,2455.08,59.92,0,2515
2489,2731,2015-09-02,429,7,0,436,2140.71,52.43,0,2193.14
2490,2731,2015-10-02,302,7,33,342,1506.98,52.43,267.96,1827.37
2491,2731,2015-10-31,530,13,16,559,2644.7,97.37,129.92,2871.99
2492,2731,2015-11-30,504,11,0,515,2514.96,82.39,0,2597.35
2493,2731,2015-12-30,497,11,2,510,2480.03,82.39,16.24,2578.66
2494,2731,2016-01-29,421,0,15,436,2100.79,0,121.8,2222.59
2495,2731,2016-02-27,386,3,42,431,1926.14,22.47,341.04,2289.65
2496,2731,2016-03-27,561,16,0,577,2799.39,119.84,0,2919.23
2497,2731,2016-04-26,478,0,0,478,2385.22,0,0,2385.22
2498,2731,2016-05-25,505,22,46,573,2519.95,164.78,373.52,3058.25
2499,2731,2016-06-24,514,1,18,533,2564.86,7.49,146.16,2718.51
2500,2731,2016-07-23,507,0,2,509,2529.93,0,16.24,2546.17
2501,2731,2016-08-21,714,17,6,737,3562.86,127.33,48.72,3738.91
2502,2731,2016-09-20,524,0,19,543,2614.76,0,154.28,2769.04
2503,2731,2016-10-20,442,7,0,449,2205.58,52.43,0,2258.01
2504,2731,2016-11-19,501,18,22,541,2499.99,134.82,178.64,2813.45
2505,2731,2016-12-18,499,0,18,517,2490.01,0,146.16,2636.17
2506,2741,2016-02-07,503,1,16,520,2509.97,7.49,129.92,2647.38
2507,2741,2016-03-07,590,108,15,713,2944.1,808.92,121.8,3874.82
2508,2741,2016-04-05,512,26,3,541,2554.88,194.74,24.36,2773.98
2509,2741,2016-05-05,508,0,11,519,2534.92,0,89.32,2624.24
2510,2741,2016-06-03,3165,3,34,3202,15793.35,22.47,276.08,16091.9
2511,2741,2016-07-03,542,188,15,745,2704.58,1408.12,121.8,4234.5
2512,2741,2016-08-02,495,3,19,517,2470.05,22.47,154.28,2646.8
2513,2741,2016-08-31,497,7,6,510,2480.03,52.43,48.72,2581.18
2514,2741,2016-09-30,503,35,0,538,2509.97,262.15,0,2772.12
2515,2741,2016-10-30,500,7,25,532,2495,52.43,203,2750.43
2516,2741,2016-11-28,529,0,3,532,2639.71,0,24.36,2664.07
2517,2741,2016-12-28,232,12,9,253,1157.68,89.88,73.08,1320.64
2518,2751,2014-12-16,294,15,0,309,1467.06,112.35,0,1579.41
2519,2751,2015-02-12,298,30,26,354,1487.02,224.7,211.12,1922.84
2520,2751,2015-03-13,10,36,101,147,49.9,269.64,820.12,1139.66
2521,2751,2015-04-12,294,46,16,356,1467.06,344.54,129.92,1941.52
2522,2751,2015-05-11,285,10177,18,10480,1422.15,76225.73,146.16,77794.04
2523,2751,2015-06-09,348,27,5,380,1736.52,202.23,40.6,1979.35
2524,2751,2015-07-09,296,44,11,351,1477.04,329.56,89.32,1895.92
2525,2751,2015-08-08,208,33,1,242,1037.92,247.17,8.12,1293.21
2526,2751,2015-09-06,300,34,8,342,1497,254.66,64.96,1816.62
2527,2751,2015-10-05,314,39,2561,2914,1566.86,292.11,20795.32,22654.29
2528,2751,2015-11-04,322,51,0,373,1606.78,381.99,0,1988.77
2529,2751,2015-12-04,304,29,0,333,1516.96,217.21,0,1734.17
2530,2751,2016-01-02,301,30,0,331,1501.99,224.7,0,1726.69
2531,2751,2016-02-01,298,34,31,363,1487.02,254.66,251.72,1993.4
2532,2751,2016-03-01,298,39,53,390,1487.02,292.11,430.36,2209.49
2533,2751,2016-03-31,294,41,24,359,1467.06,307.09,194.88,1969.03
2534,2751,2016-04-30,441,22,0,463,2200.59,164.78,0,2365.37
2535,2751,2016-05-29,298,10,0,308,1487.02,74.9,0,1561.92
2536,2751,2016-06-27,314,23,26,363,1566.86,172.27,211.12,1950.25
2537,2751,2016-07-27,367,0,10,377,1831.33,0,81.2,1912.53
2538,2751,2016-08-26,288,30,19,337,1437.12,224.7,154.28,1816.1
2539,2751,2016-09-25,370,33,14,417,1846.3,247.17,113.68,2207.15
2540,2751,2016-10-24,315,25,5,345,1571.85,187.25,40.6,1799.7
2541,2751,2016-11-22,304,17,28,349,1516.96,127.33,227.36,1871.65
2542,2751,2016-12-22,298,29,37,364,1487.02,217.21,300.44,2004.67
2543,2761,2014-12-20,278,34,295,607,1387.22,254.66,2395.4,4037.28
2544,2761,2015-01-18,300,17,21,338,1497,127.33,170.52,1794.85
2545,2761,2015-02-17,305,0,20,325,1521.95,0,162.4,1684.35
2546,2761,2015-03-19,311,45,18,374,1551.89,337.05,146.16,2035.1
2547,2761,2015-04-18,290,39,0,329,1447.1,292.11,0,1739.21
2548,2761,2015-05-17,302,31,0,333,1506.98,232.19,0,1739.17
2549,2761,2015-06-15,365,44,24,433,1821.35,329.56,194.88,2345.79
2550,2761,2015-07-15,294,22,18,334,1467.06,164.78,146.16,1778
2551,2761,2015-08-14,267,537,39,843,1332.33,4022.13,316.68,5671.14
2552,2761,2015-09-12,308,388,17,713,1536.92,2906.12,138.04,4581.08
2553,2761,2015-10-12,296,24,10,330,1477.04,179.76,81.2,1738
2554,2761,2015-11-11,291,0,29,320,1452.09,0,235.48,1687.57
2555,2761,2015-12-10,339,39,25,403,1691.61,292.11,203,2186.72
2556,2761,2016-01-08,297,16,0,313,1482.03,119.84,0,1601.87
2557,2761,2016-02-06,319,35,22,376,1591.81,262.15,178.64,2032.6
2558,2761,2016-03-06,314,44,15,373,1566.86,329.56,121.8,2018.22
2559,2761,2016-04-04,289,37,26,352,1442.11,277.13,211.12,1930.36
2560,2761,2016-05-03,299,30,17,346,1492.01,224.7,138.04,1854.75
2561,2761,2016-06-02,299,52,0,351,1492.01,389.48,0,1881.49
2562,2761,2016-07-01,300,23,22,345,1497,172.27,178.64,1847.91
2563,2761,2016-07-30,277,11,22,310,1382.23,82.39,178.64,1643.26
2564,2761,2016-08-28,328,36,20,384,1636.72,269.64,162.4,2068.76
2565,2761,2016-09-27,311,37,24,372,1551.89,277.13,194.88,2023.9
2566,2761,2016-10-26,328,16,15,359,1636.72,119.84,121.8,1878.36
2567,2761,2016-11-25,275,61,44,380,1372.25,456.89,357.28,2186.42
2568,2761,2016-12-24,304,22,19,345,1516.96,164.78,154.28,1836.02
2569,2771,2015-07-17,136,0,1,137,678.64,0,8.12,686.76
2570,2771,2015-08-15,132,0,0,132,658.68,0,0,658.68
2571,2771,2015-09-13,135,30,14,179,673.65,224.7,113.68,1012.03
2572,2771,2015-10-13,161,15,0,176,803.39,112.35,0,915.74
2573,2771,2015-11-11,181,9,0,190,903.19,67.41,0,970.6
2574,2771,2015-12-11,141,407,0,548,703.59,3048.43,0,3752.02
2575,2771,2016-01-10,156,15,10,181,778.44,112.35,81.2,971.99
2576,2771,2016-02-08,153,0,4,157,763.47,0,32.48,795.95
2577,2771,2016-03-09,147,11,13,171,733.53,82.39,105.56,921.48
2578,2771,2016-04-08,146,0,0,146,728.54,0,0,728.54
2579,2771,2016-05-07,149,16,0,165,743.51,119.84,0,863.35
2580,2771,2016-06-06,149,8,18,175,743.51,59.92,146.16,949.59
2581,2771,2016-07-06,145,65,0,210,723.55,486.85,0,1210.4
2582,2781,2014-12-05,296,29,16,341,1477.04,217.21,129.92,1824.17
2583,2781,2015-01-04,291,59,11,361,1452.09,441.91,89.32,1983.32
2584,2781,2015-02-03,299,24,0,323,1492.01,179.76,0,1671.77
2585,2781,2015-03-04,296,22,19,337,1477.04,164.78,154.28,1796.1
2586,2781,2015-04-02,305,26,7,338,1521.95,194.74,56.84,1773.53
2587,2781,2015-05-02,300,44,30,374,1497,329.56,243.6,2070.16
2588,2781,2015-05-31,305,41,32,378,1521.95,307.09,259.84,2088.88
2589,2781,2015-06-30,313,0,21,334,1561.87,0,170.52,1732.39
2590,2781,2015-07-29,368,0,19,387,1836.32,0,154.28,1990.6
2591,2781,2015-08-28,284,37,13,334,1417.16,277.13,105.56,1799.85
2592,2781,2015-09-27,306,38,7,351,1526.94,284.62,56.84,1868.4
2593,2781,2015-10-27,294,47,8,349,1467.06,352.03,64.96,1884.05
2594,2781,2015-11-26,304,31,24,359,1516.96,232.19,194.88,1944.03
2595,2781,2015-12-26,297,3,18,318,1482.03,22.47,146.16,1650.66
2596,2781,2016-01-25,148,15,19,182,738.52,112.35,154.28,1005.15
2597,2781,2016-02-23,291,37,24,352,1452.09,277.13,194.88,1924.1
2598,2781,2016-03-24,334,26,29,389,1666.66,194.74,235.48,2096.88
2599,2781,2016-04-23,288,21,104,413,1437.12,157.29,844.48,2438.89
2600,2781,2016-05-23,319,11,22,352,1591.81,82.39,178.64,1852.84
2601,2781,2016-06-21,287,33,0,320,1432.13,247.17,0,1679.3
2602,2781,2016-07-21,265,11,0,276,1322.35,82.39,0,1404.74
2603,2781,2016-08-19,324,33,60,417,1616.76,247.17,487.2,2351.13
2604,2781,2016-09-18,290,40,18,348,1447.1,299.6,146.16,1892.86
2605,2781,2016-10-17,311,43,23,377,1551.89,322.07,186.76,2060.72
2606,2781,2016-11-15,307,0,31,338,1531.93,0,251.72,1783.65
2607,2781,2016-12-14,299,112,29,440,1492.01,838.88,235.48,2566.37
2608,2791,2014-12-22,95,77,42,214,474.05,576.73,341.04,1391.82
2609,2791,2015-01-21,132,39,11,182,658.68,292.11,89.32,1040.11
2610,2791,2015-02-20,99,34,31,164,494.01,254.66,251.72,1000.39
2611,2791,2015-03-22,106,5,56,167,528.94,37.45,454.72,1021.11
2612,2791,2015-04-21,128,35,30,193,638.72,262.15,243.6,1144.47
2613,2791,2015-05-20,136,0,49,185,678.64,0,397.88,1076.52
2614,2801,2016-10-31,283,32,0,315,1412.17,239.68,0,1651.85
2615,2801,2016-11-29,294,28,27,349,1467.06,209.72,219.24,1896.02
2616,2801,2016-12-29,294,27,0,321,1467.06,202.23,0,1669.29
2617,2811,2014-12-26,313,52,18,383,1561.87,389.48,146.16,2097.51
2618,2811,2015-01-25,301,16,18,335,1501.99,119.84,146.16,1767.99
2619,2811,2015-02-23,288,34,0,322,1437.12,254.66,0,1691.78
2620,2811,2015-03-24,460,0,31,491,2295.4,0,251.72,2547.12
2621,2811,2015-04-23,306,0,28,334,1526.94,0,227.36,1754.3
2622,2811,2015-05-22,311,16,0,327,1551.89,119.84,0,1671.73
2623,2811,2015-06-21,308,82,4,394,1536.92,614.18,32.48,2183.58
2624,2811,2015-07-21,305,49,69,423,1521.95,367.01,560.28,2449.24
2625,2811,2015-08-19,305,32,15,352,1521.95,239.68,121.8,1883.43
2626,2811,2015-09-18,263,0,14,277,1312.37,0,113.68,1426.05
2627,2811,2015-10-17,295,11,45,351,1472.05,82.39,365.4,1919.84
2628,2811,2015-11-15,299,724,37,1060,1492.01,5422.76,300.44,7215.21
2629,2811,2015-12-15,298,47,0,345,1487.02,352.03,0,1839.05
2630,2811,2016-01-13,297,56,0,353,1482.03,419.44,0,1901.47
2631,2811,2016-02-11,315,70,139,524,1571.85,524.3,1128.68,3224.83
2632,2811,2016-03-12,300,24,21,345,1497,179.76,170.52,1847.28
2633,2811,2016-04-11,379,51,27,457,1891.21,381.99,219.24,2492.44
2634,2811,2016-05-11,178,45,25,248,888.22,337.05,203,1428.27
2635,2811,2016-06-10,299,30,22,351,1492.01,224.7,178.64,1895.35
2636,2811,2016-07-09,260,114,23,397,1297.4,853.86,186.76,2338.02
2637,2811,2016-08-07,297,59,26,382,1482.03,441.91,211.12,2135.06
2638,2811,2016-09-05,298,41,33,372,1487.02,307.09,267.96,2062.07
2639,2811,2016-10-05,320,20,1,341,1596.8,149.8,8.12,1754.72
2640,2811,2016-11-03,284,4,19,307,1417.16,29.96,154.28,1601.4
2641,2811,2016-12-03,284,49,14,347,1417.16,367.01,113.68,1897.85
2642,2811,2017-01-01,305,27,28,360,1521.95,202.23,227.36,1951.54
2643,2821,2014-12-09,304,15,0,319,1516.96,112.35,0,1629.31
2644,2821,2015-01-07,289,34,36,359,1442.11,254.66,292.32,1989.09
2645,2821,2015-02-05,303,70,0,373,1511.97,524.3,0,2036.27
2646,2821,2015-03-07,300,57,63,420,1497,426.93,511.56,2435.49
2647,2821,2015-04-06,277,0,13,290,1382.23,0,105.56,1487.79
2648,2821,2015-05-06,302,0,12,314,1506.98,0,97.44,1604.42
2649,2821,2015-06-04,302,64,0,366,1506.98,479.36,0,1986.34
2650,2821,2015-07-03,266,41,52,359,1327.34,307.09,422.24,2056.67
2651,2821,2015-08-01,277,28,2,307,1382.23,209.72,16.24,1608.19
2652,2821,2015-08-31,287,19,10,316,1432.13,142.31,81.2,1655.64
2653,2821,2015-09-30,298,19,21,338,1487.02,142.31,170.52,1799.85
2654,2821,2015-10-30,428,21,12,461,2135.72,157.29,97.44,2390.45
2655,2821,2015-11-28,312,40,33,385,1556.88,299.6,267.96,2124.44
2656,2821,2015-12-28,290,46,12,348,1447.1,344.54,97.44,1889.08
2657,2821,2016-01-26,286,25,15,326,1427.14,187.25,121.8,1736.19
2658,2821,2016-02-25,303,18,21,342,1511.97,134.82,170.52,1817.31
2659,2821,2016-03-26,320,5,0,325,1596.8,37.45,0,1634.25
2660,2821,2016-04-25,270,25,23,318,1347.3,187.25,186.76,1721.31
2661,2821,2016-05-24,252,31,12,295,1257.48,232.19,97.44,1587.11
2662,2821,2016-06-22,316,43,11,370,1576.84,322.07,89.32,1988.23
2663,2821,2016-08-20,301,35,0,336,1501.99,262.15,0,1764.14
2664,2821,2016-09-18,329,27,4,360,1641.71,202.23,32.48,1876.42
2665,2821,2016-10-17,332,23,16,371,1656.68,172.27,129.92,1958.87
2666,2821,2016-11-15,304,86,33,423,1516.96,644.14,267.96,2429.06
2667,2821,2016-12-14,317,11,28,356,1581.83,82.39,227.36,1891.58
2668,2831,2015-05-20,519,287,9,815,2589.81,2149.63,73.08,4812.52
2669,2831,2015-06-19,507,23,12,542,2529.93,172.27,97.44,2799.64
2670,2831,2015-07-18,314,7,53,374,1566.86,52.43,430.36,2049.65
2671,2831,2015-08-17,505,0,0,505,2519.95,0,0,2519.95
2672,2831,2015-09-15,495,0,41,536,2470.05,0,332.92,2802.97
2673,2831,2015-10-15,485,0,0,485,2420.15,0,0,2420.15
2674,2831,2015-11-14,495,0,15,510,2470.05,0,121.8,2591.85
2675,2831,2015-12-13,482,28,63,573,2405.18,209.72,511.56,3126.46
2676,2831,2016-01-11,491,6,11,508,2450.09,44.94,89.32,2584.35
2677,2831,2016-02-09,496,2,4,502,2475.04,14.98,32.48,2522.5
2678,2831,2016-03-10,511,21,39,571,2549.89,157.29,316.68,3023.86
2679,2831,2016-04-08,540,45,0,585,2694.6,337.05,0,3031.65
2680,2831,2016-05-08,508,0,45,553,2534.92,0,365.4,2900.32
2681,2831,2016-06-06,507,0,0,507,2529.93,0,0,2529.93
2682,2831,2016-07-06,507,46,17,570,2529.93,344.54,138.04,3012.51
2683,2831,2016-08-05,551,25,4,580,2749.49,187.25,32.48,2969.22
2684,2831,2016-09-04,524,0,14,538,2614.76,0,113.68,2728.44
2685,2831,2016-10-03,501,35,0,536,2499.99,262.15,0,2762.14
2686,2831,2016-11-01,488,5,10,503,2435.12,37.45,81.2,2553.77
2687,2831,2016-11-30,501,0,9,510,2499.99,0,73.08,2573.07
2688,2831,2016-12-29,702,7,10,719,3502.98,52.43,81.2,3636.61
2689,2841,2014-12-29,309,0,30,339,1541.91,0,243.6,1785.51
2690,2841,2015-01-25,308,10,20,338,1536.92,74.9,162.4,1774.22
2691,2841,2015-02-24,300,32,15,347,1497,239.68,121.8,1858.48
2692,2841,2015-03-25,287,28,37,352,1432.13,209.72,300.44,1942.29
2693,2841,2015-04-23,315,7,27,349,1571.85,52.43,219.24,1843.52
2694,2841,2015-05-23,314,44,42,400,1566.86,329.56,341.04,2237.46
2695,2841,2015-06-21,285,19,20,324,1422.15,142.31,162.4,1726.86
2696,2841,2015-07-20,0,289,15,304,0,2164.61,121.8,2286.41
2697,2841,2015-08-18,288,25,8,321,1437.12,187.25,64.96,1689.33
2698,2841,2015-09-16,308,163,0,471,1536.92,1220.87,0,2757.79
2699,2841,2015-10-15,281,37,18,336,1402.19,277.13,146.16,1825.48
2700,2841,2015-11-14,307,29,8,344,1531.93,217.21,64.96,1814.1
2701,2841,2015-12-13,286,49,0,335,1427.14,367.01,0,1794.15
2702,2841,2016-01-12,288,0,16,304,1437.12,0,129.92,1567.04
2703,2841,2016-02-10,300,22,0,322,1497,164.78,0,1661.78
2704,2841,2016-03-10,296,42,15,353,1477.04,314.58,121.8,1913.42
2705,2841,2016-04-08,268,26,66,360,1337.32,194.74,535.92,2067.98
2706,2841,2016-05-08,103,17,20,140,513.97,127.33,162.4,803.7
2707,2841,2016-06-07,294,0,128,422,1467.06,0,1039.36,2506.42
2708,2841,2016-07-07,249,26,28,303,1242.51,194.74,227.36,1664.61
2709,2841,2016-08-05,290,28,15,333,1447.1,209.72,121.8,1778.62
2710,2841,2016-09-03,299,0,8,307,1492.01,0,64.96,1556.97
2711,2841,2016-10-02,241,41,4,286,1202.59,307.09,32.48,1542.16
2712,2841,2016-11-01,264,36,18,318,1317.36,269.64,146.16,1733.16
2713,2841,2016-12-01,294,47,475,816,1467.06,352.03,3857,5676.09
2714,2841,2016-12-30,380,23,11,414,1896.2,172.27,89.32,2157.79
2715,2851,2014-12-26,484,22,23,529,2415.16,164.78,186.76,2766.7
2716,2851,2015-01-24,479,0,24,503,2390.21,0,194.88,2585.09
2717,2851,2015-02-23,498,0,12,510,2485.02,0,97.44,2582.46
2718,2851,2015-03-24,519,0,1,520,2589.81,0,8.12,2597.93
2719,2851,2015-04-23,450,0,1783,2233,2245.5,0,14477.96,16723.46
2720,2851,2015-05-22,499,45,18,562,2490.01,337.05,146.16,2973.22
2721,2851,2015-06-21,489,6,464,959,2440.11,44.94,3767.68,6252.73
2722,2851,2015-07-21,494,9,0,503,2465.06,67.41,0,2532.47
2723,2851,2015-08-19,491,20,13,524,2450.09,149.8,105.56,2705.45
2724,2851,2015-09-18,483,6,11,500,2410.17,44.94,89.32,2544.43
2725,2851,2015-10-18,502,74,42,618,2504.98,554.26,341.04,3400.28
2726,2851,2015-11-16,454,0,0,454,2265.46,0,0,2265.46
2727,2851,2015-12-15,515,56,18,589,2569.85,419.44,146.16,3135.45
2728,2851,2016-01-13,508,55,0,563,2534.92,411.95,0,2946.87
2729,2851,2016-02-12,367,16,0,383,1831.33,119.84,0,1951.17
2730,2851,2016-03-12,286,1,53,340,1427.14,7.49,430.36,1864.99
2731,2851,2016-04-11,497,17,30,544,2480.03,127.33,243.6,2850.96
2732,2851,2016-05-10,497,0,7,504,2480.03,0,56.84,2536.87
2733,2851,2016-06-08,486,2,22,510,2425.14,14.98,178.64,2618.76
2734,2851,2016-07-08,508,0,25,533,2534.92,0,203,2737.92
2735,2851,2016-08-06,507,6,21,534,2529.93,44.94,170.52,2745.39
2736,2851,2016-09-04,498,4,16,518,2485.02,29.96,129.92,2644.9
2737,2851,2016-10-03,480,4,0,484,2395.2,29.96,0,2425.16
2738,2851,2016-11-01,510,3,3,516,2544.9,22.47,24.36,2591.73
2739,2851,2016-12-01,581,0,0,581,2899.19,0,0,2899.19
2740,2851,2016-12-30,481,0,6,487,2400.19,0,48.72,2448.91
2741,2861,2014-12-09,503,1,8,512,2509.97,7.49,64.96,2582.42
2742,2861,2015-01-08,502,0,0,502,2504.98,0,0,2504.98
2743,2861,2015-02-06,515,42,0,557,2569.85,314.58,0,2884.43
2744,2861,2015-03-08,500,33,0,533,2495,247.17,0,2742.17
2745,2861,2015-04-06,500,26,2,528,2495,194.74,16.24,2705.98
2746,2861,2015-05-06,505,65,14,584,2519.95,486.85,113.68,3120.48
2747,2861,2015-06-04,501,10,51,562,2499.99,74.9,414.12,2989.01
2748,2861,2015-07-03,493,8,7,508,2460.07,59.92,56.84,2576.83
2749,2861,2015-08-01,509,27,36,572,2539.91,202.23,292.32,3034.46
2750,2861,2015-08-31,239,0,0,239,1192.61,0,0,1192.61
2751,2861,2015-09-29,517,50,0,567,2579.83,374.5,0,2954.33
2752,2861,2015-10-28,508,1,2,511,2534.92,7.49,16.24,2558.65
2753,2861,2015-11-26,493,1,0,494,2460.07,7.49,0,2467.56
2754,2861,2015-12-25,494,0,0,494,2465.06,0,0,2465.06
2755,2861,2016-01-24,503,74,1,578,2509.97,554.26,8.12,3072.35
2756,2861,2016-02-23,521,16,161,698,2599.79,119.84,1307.32,4026.95
2757,2861,2016-03-24,521,15,10,546,2599.79,112.35,81.2,2793.34
2758,2861,2016-04-22,488,14,8,510,2435.12,104.86,64.96,2604.94
2759,2861,2016-05-22,499,32,0,531,2490.01,239.68,0,2729.69
2760,2861,2016-06-20,496,0,13,509,2475.04,0,105.56,2580.6
2761,2861,2016-07-20,500,10,17,527,2495,74.9,138.04,2707.94
2762,2861,2016-08-18,505,7,0,512,2519.95,52.43,0,2572.38
2763,2861,2016-09-17,515,0,4,519,2569.85,0,32.48,2602.33
2764,2861,2016-10-16,519,0,0,519,2589.81,0,0,2589.81
2765,2861,2016-11-15,518,4,4,526,2584.82,29.96,32.48,2647.26
2766,2861,2016-12-14,493,42,0,535,2460.07,314.58,0,2774.65
2767,2871,2015-09-21,95,23,147,265,474.05,172.27,1193.64,1839.96
2768,2881,2014-12-17,95,29,19,143,474.05,217.21,154.28,845.54
2769,2881,2015-01-15,91,31,99,221,454.09,232.19,803.88,1490.16
2770,2881,2015-02-13,104,13,27,144,518.96,97.37,219.24,835.57
2771,2881,2015-03-15,30,52,12,94,149.7,389.48,97.44,636.62
2772,2881,2015-04-13,70,39,37,146,349.3,292.11,300.44,941.85
2773,2881,2015-05-12,103,103,54,260,513.97,771.47,438.48,1723.92
2774,2881,2015-06-10,87,26,0,113,434.13,194.74,0,628.87
2775,2881,2015-07-10,113,41,28,182,563.87,307.09,227.36,1098.32
2776,2881,2015-08-09,56,28,41,125,279.44,209.72,332.92,822.08
2777,2881,2015-09-08,93,39,48,180,464.07,292.11,389.76,1145.94
2778,2881,2015-10-08,96,18,30,144,479.04,134.82,243.6,857.46
2779,2881,2015-11-06,107,0,0,107,533.93,0,0,533.93
2780,2881,2015-12-05,100,68,48,216,499,509.32,389.76,1398.08
2781,2881,2016-01-03,97,38,12,147,484.03,284.62,97.44,866.09
2782,2881,2016-02-02,245,46,43,334,1222.55,344.54,349.16,1916.25
2783,2881,2016-03-02,95,31,49,175,474.05,232.19,397.88,1104.12
2784,2881,2016-03-31,102,0,22,124,508.98,0,178.64,687.62
2785,2881,2016-04-30,104,45,52,201,518.96,337.05,422.24,1278.25
2786,2881,2016-05-29,133,0,43,176,663.67,0,349.16,1012.83
2787,2881,2016-06-27,109,76,37,222,543.91,569.24,300.44,1413.59
2788,2881,2016-07-27,0,107,20,127,0,801.43,162.4,963.83
2789,2881,2016-08-26,93,30,27,150,464.07,224.7,219.24,908.01
2790,2881,2016-09-24,99,0,0,99,494.01,0,0,494.01
2791,2891,2014-12-16,295,34,18,347,1472.05,254.66,146.16,1872.87
2792,2901,2014-12-14,282,8,54,344,1407.18,59.92,438.48,1905.58
2793,2901,2015-01-12,492,8,0,500,2455.08,59.92,0,2515
2794,2901,2015-02-11,675,9,12,696,3368.25,67.41,97.44,3533.1
2795,2911,2014-12-20,315,20,27,362,1571.85,149.8,219.24,1940.89
2796,2911,2015-01-18,303,22,0,325,1511.97,164.78,0,1676.75
2797,2911,2015-02-17,300,32,0,332,1497,239.68,0,1736.68
2798,2911,2015-03-18,297,20,42,359,1482.03,149.8,341.04,1972.87
2799,2911,2015-04-17,283,26,61,370,1412.17,194.74,495.32,2102.23
2800,2911,2015-05-16,257,27,27,311,1282.43,202.23,219.24,1703.9
2801,2911,2015-06-15,305,17,23,345,1521.95,127.33,186.76,1836.04
2802,2911,2015-07-14,278,28,23,329,1387.22,209.72,186.76,1783.7
2803,2911,2015-08-13,270,33,12,315,1347.3,247.17,97.44,1691.91
2804,2911,2015-09-11,304,37,8,349,1516.96,277.13,64.96,1859.05
2805,2911,2015-10-10,344,144,4,492,1716.56,1078.56,32.48,2827.6
2806,2911,2015-11-08,317,22,11,350,1581.83,164.78,89.32,1835.93
2807,2911,2015-12-07,271,51,21,343,1352.29,381.99,170.52,1904.8
2808,2911,2016-01-05,280,103,3,386,1397.2,771.47,24.36,2193.03
2809,2911,2016-02-04,288,31,23,342,1437.12,232.19,186.76,1856.07
2810,2911,2016-03-05,294,43,1083,1420,1467.06,322.07,8793.96,10583.09
2811,2911,2016-04-04,291,152,40,483,1452.09,1138.48,324.8,2915.37
2812,2911,2016-05-04,299,47,18,364,1492.01,352.03,146.16,1990.2
2813,2911,2016-06-03,301,0,20,321,1501.99,0,162.4,1664.39
2814,2911,2016-07-03,304,26,36,366,1516.96,194.74,292.32,2004.02
2815,2911,2016-08-02,293,23,60,376,1462.07,172.27,487.2,2121.54
2816,2911,2016-09-01,307,21,0,328,1531.93,157.29,0,1689.22
2817,2911,2016-09-30,295,22,28,345,1472.05,164.78,227.36,1864.19
2818,2911,2016-10-30,329,39,27,395,1641.71,292.11,219.24,2153.06
2819,2911,2016-11-29,231,35,19,285,1152.69,262.15,154.28,1569.12
2820,2911,2016-12-28,307,0,28,335,1531.93,0,227.36,1759.29
2821,2921,2015-01-22,101,21,33,155,503.99,157.29,267.96,929.24
2822,2921,2015-02-21,90,29,50,169,449.1,217.21,406,1072.31
2823,2921,2015-03-23,122,29,64,215,608.78,217.21,519.68,1345.67
2824,2921,2015-04-22,0,30,24,54,0,224.7,194.88,419.58
2825,2921,2015-05-22,66,37,79,182,329.34,277.13,641.48,1247.95
2826,2921,2015-06-21,209,33,34,276,1042.91,247.17,276.08,1566.16
2827,2921,2015-07-21,112,37,32,181,558.88,277.13,259.84,1095.85
2828,2921,2015-08-20,100,48,24,172,499,359.52,194.88,1053.4
2829,2921,2015-09-18,112,17,15,144,558.88,127.33,121.8,808.01
2830,2921,2015-10-18,65,0,7,72,324.35,0,56.84,381.19
2831,2921,2015-11-16,104,28,0,132,518.96,209.72,0,728.68
2832,2921,2015-12-16,103,32,3,138,513.97,239.68,24.36,778.01
2833,2921,2016-01-15,134,115,0,249,668.66,861.35,0,1530.01
2834,2921,2016-02-13,61,0,24,85,304.39,0,194.88,499.27
2835,2921,2016-03-14,102,34,19,155,508.98,254.66,154.28,917.92
2836,2921,2016-04-12,107,55,101,263,533.93,411.95,820.12,1766
2837,2921,2016-05-11,109,70,36,215,543.91,524.3,292.32,1360.53
2838,2921,2016-06-10,116,30,33,179,578.84,224.7,267.96,1071.5
2839,2921,2016-07-09,102,30,250,382,508.98,224.7,2030,2763.68
2840,2931,2015-11-09,357,6,79,442,1781.43,44.94,641.48,2467.85
2841,2931,2015-12-08,382,205,2,589,1906.18,1535.45,16.24,3457.87
2842,2931,2016-01-06,299,0,39,338,1492.01,0,316.68,1808.69
2843,2931,2016-02-04,181,19,21,221,903.19,142.31,170.52,1216.02
2844,2931,2016-03-04,154,25,26,205,768.46,187.25,211.12,1166.83
2845,2931,2016-04-03,291,52,8,351,1452.09,389.48,64.96,1906.53
2846,2931,2016-05-02,299,13,44,356,1492.01,97.37,357.28,1946.66
2847,2931,2016-06-01,285,0,0,285,1422.15,0,0,1422.15
2848,2931,2016-07-01,320,46,22,388,1596.8,344.54,178.64,2119.98
2849,2931,2016-07-30,311,15,20,346,1551.89,112.35,162.4,1826.64
2850,2931,2016-08-28,343,0,24,367,1711.57,0,194.88,1906.45
2851,2931,2016-09-27,293,22,11,326,1462.07,164.78,89.32,1716.17
2852,2931,2016-10-27,300,374,24,698,1497,2801.26,194.88,4493.14
2853,2931,2016-11-25,685,24,16,725,3418.15,179.76,129.92,3727.83
2854,2931,2016-12-24,302,50,28,380,1506.98,374.5,227.36,2108.84
2855,2941,2015-11-24,302,48,119,469,1506.98,359.52,966.28,2832.78
2856,2941,2015-12-23,249,48,0,297,1242.51,359.52,0,1602.03
2857,2951,2016-08-23,0,30,36,66,0,224.7,292.32,517.02
2858,2951,2016-09-21,291,0,87,378,1452.09,0,706.44,2158.53
2859,2951,2016-10-20,274,0,27,301,1367.26,0,219.24,1586.5
2860,2951,2016-11-18,313,14,19,346,1561.87,104.86,154.28,1821.01
2861,2951,2016-12-18,0,59,15,74,0,441.91,121.8,563.71
2862,2961,2014-12-11,397,22,0,419,1981.03,164.78,0,2145.81
2863,2961,2015-01-09,297,0,0,297,1482.03,0,0,1482.03
2864,2961,2015-02-08,297,36,35,368,1482.03,269.64,284.2,2035.87
2865,2961,2015-03-10,197,9,11,217,983.03,67.41,89.32,1139.76
2866,2961,2015-04-09,304,33,0,337,1516.96,247.17,0,1764.13
2867,2961,2015-05-09,312,22,0,334,1556.88,164.78,0,1721.66
2868,2961,2015-06-08,313,32,35,380,1561.87,239.68,284.2,2085.75
2869,2961,2015-07-07,353,59,144,556,1761.47,441.91,1169.28,3372.66
2870,2961,2015-08-05,295,29,106,430,1472.05,217.21,860.72,2549.98
2871,2961,2015-09-03,215,0,38,253,1072.85,0,308.56,1381.41
2872,2961,2015-10-03,294,56,30,380,1467.06,419.44,243.6,2130.1
2873,2961,2015-11-02,320,9,31,360,1596.8,67.41,251.72,1915.93
2874,2961,2015-12-01,572,52,15,639,2854.28,389.48,121.8,3365.56
2875,2961,2015-12-31,283,12,13,308,1412.17,89.88,105.56,1607.61
2876,2961,2016-01-30,294,148,20,462,1467.06,1108.52,162.4,2737.98
2877,2961,2016-02-28,255,6128,3,6386,1272.45,45898.72,24.36,47195.53
2878,2961,2016-03-28,465,92,44,601,2320.35,689.08,357.28,3366.71
2879,2961,2016-04-26,193,0,0,193,963.07,0,0,963.07
2880,2961,2016-05-26,316,48,0,364,1576.84,359.52,0,1936.36
2881,2961,2016-06-25,306,28,22,356,1526.94,209.72,178.64,1915.3
2882,2961,2016-07-24,304,58,19,381,1516.96,434.42,154.28,2105.66
2883,2961,2016-08-23,294,31,22,347,1467.06,232.19,178.64,1877.89
2884,2961,2016-09-21,303,36,24,363,1511.97,269.64,194.88,1976.49
2885,2961,2016-10-20,295,72,10,377,1472.05,539.28,81.2,2092.53
2886,2961,2016-11-18,291,34,0,325,1452.09,254.66,0,1706.75
2887,2961,2016-12-17,291,34,45,370,1452.09,254.66,365.4,2072.15
2888,2971,2015-10-28,336,31,14,381,1676.64,232.19,113.68,2022.51
2889,2971,2015-11-26,300,24,16,340,1497,179.76,129.92,1806.68
2890,2971,2015-12-25,297,25,226,548,1482.03,187.25,1835.12,3504.4
2891,2971,2016-01-23,298,34,25,357,1487.02,254.66,203,1944.68
2892,2971,2016-02-21,291,20,39,350,1452.09,149.8,316.68,1918.57
2893,2971,2016-03-22,296,29,30,355,1477.04,217.21,243.6,1937.85
2894,2971,2016-04-21,299,34,23,356,1492.01,254.66,186.76,1933.43
2895,2971,2016-05-20,177,31,10,218,883.23,232.19,81.2,1196.62
2896,2971,2016-06-19,311,43,17,371,1551.89,322.07,138.04,2012
2897,2971,2016-07-18,288,44,15,347,1437.12,329.56,121.8,1888.48
2898,2971,2016-08-17,292,27,6,325,1457.08,202.23,48.72,1708.03
2899,2971,2016-09-16,308,0,22,330,1536.92,0,178.64,1715.56
2900,2971,2016-10-15,269,26,38,333,1342.31,194.74,308.56,1845.61
2901,2971,2016-11-13,280,104,0,384,1397.2,778.96,0,2176.16
2902,2971,2016-12-12,292,48,16,356,1457.08,359.52,129.92,1946.52
2903,2981,2014-12-12,93,0,87,180,464.07,0,706.44,1170.51
2904,2981,2015-01-11,106,9,51,166,528.94,67.41,414.12,1010.47
2905,2981,2015-02-09,106,37,0,143,528.94,277.13,0,806.07
2906,2981,2015-03-11,0,58,87,145,0,434.42,706.44,1140.86
2907,2981,2015-04-09,74,24,56,154,369.26,179.76,454.72,1003.74
2908,2981,2015-05-08,93,31,34,158,464.07,232.19,276.08,972.34
2909,2981,2015-06-06,106,29,47,182,528.94,217.21,381.64,1127.79
2910,2981,2015-07-05,81,34,26,141,404.19,254.66,211.12,869.97
2911,2981,2015-08-04,117,23,0,140,583.83,172.27,0,756.1
2912,2991,2016-10-15,282,29,0,311,1407.18,217.21,0,1624.39
2913,2991,2016-11-14,306,33,26,365,1526.94,247.17,211.12,1985.23
2914,2991,2016-12-13,314,43,23,380,1566.86,322.07,186.76,2075.69
2915,3001,2017-01-01,528,9,20,557,2634.72,67.41,162.4,2864.53
2916,3011,2014-12-08,105,24,20,149,523.95,179.76,162.4,866.11
2917,3011,2015-01-06,81,54,26,161,404.19,404.46,211.12,1019.77
2918,3021,2014-12-12,93,34,28,155,464.07,254.66,227.36,946.09
2919,3021,2015-01-10,72,38,41,151,359.28,284.62,332.92,976.82
2920,3021,2015-02-08,99,16,0,115,494.01,119.84,0,613.85
2921,3021,2015-03-09,100,46,25,171,499,344.54,203,1046.54
2922,3021,2015-04-08,103,46,1207,1356,513.97,344.54,9800.84,10659.35
2923,3031,2016-04-15,107,34,59,200,533.93,254.66,479.08,1267.67
2924,3031,2016-05-14,63,34,36,133,314.37,254.66,292.32,861.35
2925,3031,2016-06-12,119,21,33,173,593.81,157.29,267.96,1019.06
2926,3031,2016-07-12,124,42,298,464,618.76,314.58,2419.76,3353.1
2927,3031,2016-08-10,101,26,57,184,503.99,194.74,462.84,1161.57
2928,3031,2016-09-08,94,32,0,126,469.06,239.68,0,708.74
2929,3031,2016-10-07,0,24,17,41,0,179.76,138.04,317.8
2930,3041,2014-12-06,515,4,16,535,2569.85,29.96,129.92,2729.73
2931,3041,2015-01-05,493,0,18,511,2460.07,0,146.16,2606.23
2932,3041,2015-02-04,511,0,26,537,2549.89,0,211.12,2761.01
2933,3041,2015-03-06,518,35,16,569,2584.82,262.15,129.92,2976.89
2934,3041,2015-04-04,496,0,2,498,2475.04,0,16.24,2491.28
2935,3041,2015-05-03,486,101,9,596,2425.14,756.49,73.08,3254.71
2936,3041,2015-06-02,504,0,7,511,2514.96,0,56.84,2571.8
2937,3041,2015-07-02,524,0,11,535,2614.76,0,89.32,2704.08
2938,3041,2015-07-31,497,20,363,880,2480.03,149.8,2947.56,5577.39
2939,3041,2015-08-30,520,22,74,616,2594.8,164.78,600.88,3360.46
2940,3041,2015-09-29,498,0,0,498,2485.02,0,0,2485.02
2941,3041,2015-10-29,488,36,0,524,2435.12,269.64,0,2704.76
2942,3041,2015-11-27,486,0,0,486,2425.14,0,0,2425.14
2943,3041,2015-12-26,562,24,10,596,2804.38,179.76,81.2,3065.34
2944,3041,2016-01-24,518,11,0,529,2584.82,82.39,0,2667.21
2945,3041,2016-02-23,498,0,0,498,2485.02,0,0,2485.02
2946,3041,2016-03-23,463,19,23,505,2310.37,142.31,186.76,2639.44
2947,3041,2016-04-22,0,0,0,0,0,0,0,0
2948,3041,2016-05-22,503,0,22,525,2509.97,0,178.64,2688.61
2949,3041,2016-06-20,484,7,24,515,2415.16,52.43,194.88,2662.47
2950,3041,2016-07-20,483,8,6,497,2410.17,59.92,48.72,2518.81
2951,3041,2016-08-19,491,0,14,505,2450.09,0,113.68,2563.77
2952,3041,2016-09-18,500,18,10,528,2495,134.82,81.2,2711.02
2953,3041,2016-10-18,532,0,0,532,2654.68,0,0,2654.68
2954,3041,2016-11-17,501,10,0,511,2499.99,74.9,0,2574.89
2955,3041,2016-12-17,498,13,3,514,2485.02,97.37,24.36,2606.75
2956,3051,2016-04-09,291,18,4,313,1452.09,134.82,32.48,1619.39
2957,3051,2016-05-08,266,48,25,339,1327.34,359.52,203,1889.86
2958,3051,2016-06-06,304,31,21,356,1516.96,232.19,170.52,1919.67
2959,3051,2016-07-05,298,27,0,325,1487.02,202.23,0,1689.25
2960,3051,2016-08-04,329,15,0,344,1641.71,112.35,0,1754.06
2961,3051,2016-09-02,297,36,66,399,1482.03,269.64,535.92,2287.59
2962,3051,2016-10-02,274,34,13,321,1367.26,254.66,105.56,1727.48
2963,3051,2016-11-01,302,38,34,374,1506.98,284.62,276.08,2067.68
2964,3051,2016-12-01,310,338,0,648,1546.9,2531.62,0,4078.52
2965,3051,2016-12-30,309,23,22,354,1541.91,172.27,178.64,1892.82
2966,3061,2014-12-24,195,150,78,423,973.05,1123.5,633.36,2729.91
2967,3061,2015-01-22,103,27,29,159,513.97,202.23,235.48,951.68
2968,3071,2016-06-06,505,19,29,553,2519.95,142.31,235.48,2897.74
2969,3071,2016-07-05,511,14,0,525,2549.89,104.86,0,2654.75
2970,3071,2016-08-03,496,0,51,547,2475.04,0,414.12,2889.16
2971,3071,2016-09-02,462,2,0,464,2305.38,14.98,0,2320.36
2972,3071,2016-10-01,464,0,21,485,2315.36,0,170.52,2485.88
2973,3071,2016-10-30,778,5,8,791,3882.22,37.45,64.96,3984.63
2974,3071,2016-11-28,501,0,31,532,2499.99,0,251.72,2751.71
2975,3071,2016-12-28,674,42,146,862,3363.26,314.58,1185.52,4863.36
2976,3081,2014-12-04,166,26,9,201,828.34,194.74,73.08,1096.16
2977,3081,2015-01-03,93,21,37,151,464.07,157.29,300.44,921.8
2978,3091,2016-12-08,98,49,18,165,489.02,367.01,146.16,1002.19
2979,3101,2016-10-23,152,16,37,205,758.48,119.84,300.44,1178.76
2980,3101,2016-11-22,162,0,9,171,808.38,0,73.08,881.46
2981,3101,2016-12-22,158,6,63,227,788.42,44.94,511.56,1344.92
2982,3111,2014-12-30,517,0,0,517,2579.83,0,0,2579.83
2983,3111,2015-01-29,502,14,22,538,2504.98,104.86,178.64,2788.48
2984,3111,2015-02-28,478,20,0,498,2385.22,149.8,0,2535.02
2985,3111,2015-03-30,503,16,21,540,2509.97,119.84,170.52,2800.33
2986,3111,2015-04-28,507,0,18,525,2529.93,0,146.16,2676.09
2987,3111,2015-05-28,460,78,0,538,2295.4,584.22,0,2879.62
2988,3111,2015-06-26,498,9,9,516,2485.02,67.41,73.08,2625.51
2989,3111,2015-07-25,501,0,42,543,2499.99,0,341.04,2841.03
2990,3111,2015-08-23,519,6,24,549,2589.81,44.94,194.88,2829.63
2991,3111,2015-09-22,473,6,8,487,2360.27,44.94,64.96,2470.17
2992,3111,2015-10-22,488,0,19,507,2435.12,0,154.28,2589.4
2993,3111,2015-11-21,507,3,1,511,2529.93,22.47,8.12,2560.52
2994,3111,2015-12-20,446,19,193,658,2225.54,142.31,1567.16,3935.01
2995,3111,2016-01-18,493,9,10,512,2460.07,67.41,81.2,2608.68
2996,3111,2016-02-16,499,0,1,500,2490.01,0,8.12,2498.13
2997,3111,2016-03-17,496,17,21,534,2475.04,127.33,170.52,2772.89
2998,3111,2016-04-16,383,15,0,398,1911.17,112.35,0,2023.52
2999,3111,2016-05-16,547,7,0,554,2729.53,52.43,0,2781.96
3000,3111,2016-06-15,485,17,29,531,2420.15,127.33,235.48,2782.96
3001,3111,2016-07-15,502,20,0,522,2504.98,149.8,0,2654.78
3002,3111,2016-08-14,462,27,5,494,2305.38,202.23,40.6,2548.21
3003,3111,2016-09-13,494,0,0,494,2465.06,0,0,2465.06
3004,3111,2016-10-12,490,44,34,568,2445.1,329.56,276.08,3050.74
3005,3111,2016-11-10,483,18,1,502,2410.17,134.82,8.12,2553.11
3006,3111,2016-12-09,496,11,7,514,2475.04,82.39,56.84,2614.27
3007,3121,2014-12-22,495,463,0,958,2470.05,3467.87,0,5937.92
3008,3121,2015-01-21,504,12,0,516,2514.96,89.88,0,2604.84
3009,3121,2015-02-20,559,0,19,578,2789.41,0,154.28,2943.69
3010,3121,2015-03-22,475,45,0,520,2370.25,337.05,0,2707.3
3011,3121,2015-04-21,511,13,5,529,2549.89,97.37,40.6,2687.86
3012,3121,2015-05-21,605,23,0,628,3018.95,172.27,0,3191.22
3013,3121,2015-06-19,491,4,0,495,2450.09,29.96,0,2480.05
3014,3121,2015-07-19,500,0,8,508,2495,0,64.96,2559.96
3015,3121,2015-08-17,536,6,8,550,2674.64,44.94,64.96,2784.54
3016,3121,2015-09-16,519,6,0,525,2589.81,44.94,0,2634.75
3017,3121,2015-10-15,489,194,17,700,2440.11,1453.06,138.04,4031.21
3018,3121,2015-11-14,491,20,3,514,2450.09,149.8,24.36,2624.25
3019,3121,2015-12-14,517,70,30,617,2579.83,524.3,243.6,3347.73
3020,3121,2016-01-12,505,4,0,509,2519.95,29.96,0,2549.91
3021,3121,2016-02-11,500,5,3,508,2495,37.45,24.36,2556.81
3022,3121,2016-03-11,495,0,60,555,2470.05,0,487.2,2957.25
3023,3121,2016-04-09,548,0,19,567,2734.52,0,154.28,2888.8
3024,3121,2016-05-08,498,0,12,510,2485.02,0,97.44,2582.46
3025,3121,2016-06-06,458,65,31,554,2285.42,486.85,251.72,3023.99
3026,3121,2016-07-05,491,4,14,509,2450.09,29.96,113.68,2593.73
3027,3121,2016-08-03,511,0,0,511,2549.89,0,0,2549.89
3028,3121,2016-09-02,198,14,5,217,988.02,104.86,40.6,1133.48
3029,3121,2016-10-01,521,0,9,530,2599.79,0,73.08,2672.87
3030,3121,2016-10-31,485,47,14,546,2420.15,352.03,113.68,2885.86
3031,3121,2016-11-29,508,16,0,524,2534.92,119.84,0,2654.76
3032,3121,2016-12-28,492,218,2,712,2455.08,1632.82,16.24,4104.14
3033,3131,2016-09-30,487,0,12,499,2430.13,0,97.44,2527.57
3034,3131,2016-10-29,499,4,0,503,2490.01,29.96,0,2519.97
3035,3131,2016-11-27,414,4,13,431,2065.86,29.96,105.56,2201.38
3036,3131,2016-12-26,533,0,20,553,2659.67,0,162.4,2822.07
3037,3141,2016-05-18,314,24,0,338,1566.86,179.76,0,1746.62
3038,3141,2016-06-16,308,39,168,515,1536.92,292.11,1364.16,3193.19
3039,3141,2016-07-16,310,22,34,366,1546.9,164.78,276.08,1987.76
3040,3141,2016-08-15,307,34,101,442,1531.93,254.66,820.12,2606.71
3041,3141,2016-09-14,358,22,92,472,1786.42,164.78,747.04,2698.24
3042,3141,2016-10-13,300,38,24,362,1497,284.62,194.88,1976.5
3043,3151,2016-02-16,536,13,7,556,2674.64,97.37,56.84,2828.85
3044,3151,2016-03-16,482,10,15,507,2405.18,74.9,121.8,2601.88
3045,3151,2016-04-14,476,18,251,745,2375.24,134.82,2038.12,4548.18
3046,3151,2016-05-13,500,0,27,527,2495,0,219.24,2714.24
3047,3151,2016-06-11,550,0,0,550,2744.5,0,0,2744.5
3048,3151,2016-07-11,8,0,12,20,39.92,0,97.44,137.36
3049,3151,2016-08-10,414,7,19,440,2065.86,52.43,154.28,2272.57
3050,3151,2016-09-09,445,468,0,913,2220.55,3505.32,0,5725.87
3051,3151,2016-10-08,458,24,7,489,2285.42,179.76,56.84,2522.02
3052,3151,2016-11-07,479,42,25,546,2390.21,314.58,203,2907.79
3053,3151,2016-12-06,502,8,0,510,2504.98,59.92,0,2564.9
3054,3161,2016-01-10,498,5,8,511,2485.02,37.45,64.96,2587.43
3055,3161,2016-02-08,504,12,0,516,2514.96,89.88,0,2604.84
3056,3161,2016-03-08,534,0,15,549,2664.66,0,121.8,2786.46
3057,3161,2016-04-07,513,7,7,527,2559.87,52.43,56.84,2669.14
3058,3161,2016-05-07,563,7,5,575,2809.37,52.43,40.6,2902.4
3059,3161,2016-06-06,501,0,13,514,2499.99,0,105.56,2605.55
3060,3161,2016-07-06,500,25,7,532,2495,187.25,56.84,2739.09
3061,3161,2016-08-05,521,0,20,541,2599.79,0,162.4,2762.19
3062,3161,2016-09-04,501,27,7,535,2499.99,202.23,56.84,2759.06
3063,3161,2016-10-03,502,104,32,638,2504.98,778.96,259.84,3543.78
3064,3161,2016-11-02,487,26,0,513,2430.13,194.74,0,2624.87
3065,3161,2016-12-02,510,0,1,511,2544.9,0,8.12,2553.02
3066,3161,2016-12-31,498,44,16,558,2485.02,329.56,129.92,2944.5
3067,3171,2015-12-04,126,31,70,227,628.74,232.19,568.4,1429.33
3068,3171,2016-01-03,104,12,27,143,518.96,89.88,219.24,828.08
3069,3171,2016-02-01,106,38,28,172,528.94,284.62,227.36,1040.92
3070,3171,2016-03-01,115,15,32,162,573.85,112.35,259.84,946.04
3071,3171,2016-03-31,134,25,0,159,668.66,187.25,0,855.91
3072,3171,2016-04-29,121,39,40,200,603.79,292.11,324.8,1220.7
3073,3171,2016-05-28,102,3,43,148,508.98,22.47,349.16,880.61
3074,3181,2014-12-06,501,0,0,501,2499.99,0,0,2499.99
3075,3181,2015-01-04,481,14,12,507,2400.19,104.86,97.44,2602.49
3076,3181,2015-02-03,470,1,0,471,2345.3,7.49,0,2352.79
3077,3181,2015-03-04,507,9,0,516,2529.93,67.41,0,2597.34
3078,3181,2015-04-02,516,16,0,532,2574.84,119.84,0,2694.68
3079,3181,2015-05-01,497,14,30,541,2480.03,104.86,243.6,2828.49
3080,3181,2015-05-30,498,218,11,727,2485.02,1632.82,89.32,4207.16
3081,3181,2015-06-28,486,7,11,504,2425.14,52.43,89.32,2566.89
3082,3181,2015-07-27,543,14,1,558,2709.57,104.86,8.12,2822.55
3083,3181,2015-08-25,507,10,19,536,2529.93,74.9,154.28,2759.11
3084,3181,2015-09-24,446,26,21,493,2225.54,194.74,170.52,2590.8
3085,3181,2015-11-23,513,142,10,665,2559.87,1063.58,81.2,3704.65
3086,3181,2015-12-23,366,0,14,380,1826.34,0,113.68,1940.02
3087,3181,2016-01-21,499,0,0,499,2490.01,0,0,2490.01
3088,3181,2016-02-19,481,11,0,492,2400.19,82.39,0,2482.58
3089,3181,2016-03-19,498,31,7,536,2485.02,232.19,56.84,2774.05
3090,3181,2016-04-17,480,14,26,520,2395.2,104.86,211.12,2711.18
3091,3181,2016-05-16,478,0,14,492,2385.22,0,113.68,2498.9
3092,3181,2016-06-15,506,4,51,561,2524.94,29.96,414.12,2969.02
3093,3181,2016-07-14,507,9,3,519,2529.93,67.41,24.36,2621.7
3094,3181,2016-08-13,495,0,0,495,2470.05,0,0,2470.05
3095,3181,2016-09-12,394,30,26,450,1966.06,224.7,211.12,2401.88
3096,3181,2016-10-11,489,13,0,502,2440.11,97.37,0,2537.48
3097,3181,2016-11-10,498,0,24,522,2485.02,0,194.88,2679.9
3098,3181,2016-12-09,504,16,0,520,2514.96,119.84,0,2634.8
3099,3191,2014-12-22,529,6,6,541,2639.71,44.94,48.72,2733.37
3100,3191,2015-01-21,504,2,0,506,2514.96,14.98,0,2529.94
3101,3191,2015-02-20,507,0,0,507,2529.93,0,0,2529.93
3102,3191,2015-03-22,503,6,7,516,2509.97,44.94,56.84,2611.75
3103,3191,2015-04-21,492,11,21,524,2455.08,82.39,170.52,2707.99
3104,3191,2015-05-21,513,23,28,564,2559.87,172.27,227.36,2959.5
3105,3191,2015-06-20,500,6,18,524,2495,44.94,146.16,2686.1
3106,3191,2015-07-20,289,0,0,289,1442.11,0,0,1442.11
3107,3191,2015-08-19,488,0,0,488,2435.12,0,0,2435.12
3108,3191,2015-09-18,492,6,83,581,2455.08,44.94,673.96,3173.98
3109,3191,2015-10-18,495,53,8,556,2470.05,396.97,64.96,2931.98
3110,3191,2015-11-16,444,15,22,481,2215.56,112.35,178.64,2506.55
3111,3191,2015-12-16,490,0,2,492,2445.1,0,16.24,2461.34
3112,3191,2016-01-15,506,0,9,515,2524.94,0,73.08,2598.02
3113,3191,2016-02-14,484,4,58,546,2415.16,29.96,470.96,2916.08
3114,3191,2016-03-14,601,68,22,691,2998.99,509.32,178.64,3686.95
3115,3191,2016-04-12,501,2,0,503,2499.99,14.98,0,2514.97
3116,3191,2016-05-12,494,14,19,527,2465.06,104.86,154.28,2724.2
3117,3191,2016-06-11,496,2,7,505,2475.04,14.98,56.84,2546.86
3118,3191,2016-07-11,506,0,24,530,2524.94,0,194.88,2719.82
3119,3191,2016-08-09,495,0,14,509,2470.05,0,113.68,2583.73
3120,3191,2016-09-08,509,8,10,527,2539.91,59.92,81.2,2681.03
3121,3191,2016-10-07,512,11,15,538,2554.88,82.39,121.8,2759.07
3122,3191,2016-11-06,504,29,21,554,2514.96,217.21,170.52,2902.69
3123,3191,2016-12-05,521,14,18,553,2599.79,104.86,146.16,2850.81
3124,3201,2016-09-07,300,93,1803,2196,1497,696.57,14640.36,16833.93
3125,3201,2016-10-07,279,10,5,294,1392.21,74.9,40.6,1507.71
3126,3201,2016-11-06,300,45,28,373,1497,337.05,227.36,2061.41
3127,3201,2016-12-05,308,34,18,360,1536.92,254.66,146.16,1937.74
3128,3211,2014-12-12,89,42,0,131,444.11,314.58,0,758.69
3129,3211,2015-01-11,103,26,34,163,513.97,194.74,276.08,984.79
3130,3211,2015-02-09,66,28,13,107,329.34,209.72,105.56,644.62
3131,3211,2015-03-11,105,0,52,157,523.95,0,422.24,946.19
3132,3211,2015-04-10,109,26,47,182,543.91,194.74,381.64,1120.29
3133,3211,2015-05-09,100,36,66,202,499,269.64,535.92,1304.56
3134,3211,2015-06-07,60,52,26,138,299.4,389.48,211.12,900
3135,3211,2015-07-06,0,43,41,84,0,322.07,332.92,654.99
3136,3211,2015-08-04,549,61,13,623,2739.51,456.89,105.56,3301.96
3137,3211,2015-09-02,98,39,28,165,489.02,292.11,227.36,1008.49
3138,3211,2015-10-02,76,0,26,102,379.24,0,211.12,590.36
3139,3211,2015-10-31,180,19,46,245,898.2,142.31,373.52,1414.03
3140,3221,2014-12-04,209,12,23,244,1042.91,89.88,186.76,1319.55
3141,3221,2015-01-02,271,63,255,589,1352.29,471.87,2070.6,3894.76
3142,3221,2015-02-01,51,40,0,91,254.49,299.6,0,554.09
3143,3221,2015-03-02,292,383,29,704,1457.08,2868.67,235.48,4561.23
3144,3221,2015-04-01,272,37,27,336,1357.28,277.13,219.24,1853.65
3145,3221,2015-04-30,314,31,14,359,1566.86,232.19,113.68,1912.73
3146,3221,2015-05-30,295,17,0,312,1472.05,127.33,0,1599.38
3147,3221,2015-06-28,282,43,11,336,1407.18,322.07,89.32,1818.57
3148,3221,2015-07-27,250,26,30,306,1247.5,194.74,243.6,1685.84
3149,3221,2015-08-25,309,27,25,361,1541.91,202.23,203,1947.14
3150,3221,2015-09-23,281,37,16,334,1402.19,277.13,129.92,1809.24
3151,3221,2015-10-23,303,0,28,331,1511.97,0,227.36,1739.33
3152,3221,2015-11-22,325,57,12,394,1621.75,426.93,97.44,2146.12
3153,3221,2015-12-22,308,29,28,365,1536.92,217.21,227.36,1981.49
3154,3221,2016-01-20,314,31,27,372,1566.86,232.19,219.24,2018.29
3155,3221,2016-02-18,300,24,29,353,1497,179.76,235.48,1912.24
3156,3221,2016-03-18,302,18,10,330,1506.98,134.82,81.2,1723
3157,3221,2016-04-16,9,35,22,66,44.91,262.15,178.64,485.7
3158,3221,2016-05-16,311,32,15,358,1551.89,239.68,121.8,1913.37
3159,3221,2016-06-15,293,111,34,438,1462.07,831.39,276.08,2569.54
3160,3221,2016-07-14,307,23,13,343,1531.93,172.27,105.56,1809.76
3161,3221,2016-08-12,314,31,0,345,1566.86,232.19,0,1799.05
3162,3221,2016-09-11,304,32,0,336,1516.96,239.68,0,1756.64
3163,3221,2016-10-11,322,37,25,384,1606.78,277.13,203,2086.91
3164,3221,2016-11-10,301,0,19,320,1501.99,0,154.28,1656.27
3165,3221,2016-12-09,295,42,12,349,1472.05,314.58,97.44,1884.07
3166,3231,2014-12-12,320,22,26,368,1596.8,164.78,211.12,1972.7
3167,3231,2015-01-10,290,34,16,340,1447.1,254.66,129.92,1831.68
3168,3231,2015-02-08,303,24,14,341,1511.97,179.76,113.68,1805.41
3169,3241,2014-12-24,142,138,10,290,708.58,1033.62,81.2,1823.4
3170,3251,2014-12-31,309,55,22,386,1541.91,411.95,178.64,2132.5
3171,3251,2015-01-30,314,89,0,403,1566.86,666.61,0,2233.47
3172,3251,2015-03-01,308,37,5,350,1536.92,277.13,40.6,1854.65
3173,3251,2015-03-31,283,27,25,335,1412.17,202.23,203,1817.4
3174,3251,2015-04-29,328,27,31,386,1636.72,202.23,251.72,2090.67
3175,3251,2015-05-29,324,28,16,368,1616.76,209.72,129.92,1956.4
3176,3251,2015-06-27,329,25,20,374,1641.71,187.25,162.4,1991.36
3177,3251,2015-07-26,283,48,9,340,1412.17,359.52,73.08,1844.77
3178,3251,2015-08-24,325,34,0,359,1621.75,254.66,0,1876.41
3179,3251,2015-09-23,297,26,8,331,1482.03,194.74,64.96,1741.73
3180,3251,2015-10-22,298,9,26,333,1487.02,67.41,211.12,1765.55
3181,3251,2015-11-21,298,34,0,332,1487.02,254.66,0,1741.68
3182,3251,2015-12-21,303,27,10,340,1511.97,202.23,81.2,1795.4
3183,3251,2016-01-20,306,49,15,370,1526.94,367.01,121.8,2015.75
3184,3251,2016-02-19,292,32,4,328,1457.08,239.68,32.48,1729.24
3185,3251,2016-03-19,301,5,22,328,1501.99,37.45,178.64,1718.08
3186,3251,2016-04-18,323,39,0,362,1611.77,292.11,0,1903.88
3187,3251,2016-05-18,302,34,33,369,1506.98,254.66,267.96,2029.6
3188,3251,2016-06-17,289,16,208,513,1442.11,119.84,1688.96,3250.91
3189,3251,2016-07-17,314,18,15,347,1566.86,134.82,121.8,1823.48
3190,3251,2016-08-15,292,21,10,323,1457.08,157.29,81.2,1695.57
3191,3251,2016-09-14,287,17,31,335,1432.13,127.33,251.72,1811.18
3192,3251,2016-10-13,301,0,25,326,1501.99,0,203,1704.99
3193,3251,2016-11-11,294,27,0,321,1467.06,202.23,0,1669.29
3194,3251,2016-12-10,304,39,21,364,1516.96,292.11,170.52,1979.59
3195,3261,2014-12-10,505,21,30,556,2519.95,157.29,243.6,2920.84
3196,3261,2015-01-09,524,13,10,547,2614.76,97.37,81.2,2793.33
3197,3261,2015-02-08,502,22,0,524,2504.98,164.78,0,2669.76
3198,3261,2015-04-08,460,26,0,486,2295.4,194.74,0,2490.14
3199,3261,2015-05-07,498,9,12,519,2485.02,67.41,97.44,2649.87
3200,3261,2015-06-05,497,43,0,540,2480.03,322.07,0,2802.1
3201,3261,2015-07-05,502,1,0,503,2504.98,7.49,0,2512.47
3202,3261,2015-08-04,477,28,0,505,2380.23,209.72,0,2589.95
3203,3261,2015-09-03,504,0,18,522,2514.96,0,146.16,2661.12
3204,3261,2015-10-02,501,9,15,525,2499.99,67.41,121.8,2689.2
3205,3261,2015-11-01,498,0,0,498,2485.02,0,0,2485.02
3206,3261,2015-11-30,516,10,7,533,2574.84,74.9,56.84,2706.58
3207,3261,2015-12-30,434,13,0,447,2165.66,97.37,0,2263.03
3208,3261,2016-01-29,454,45,13,512,2265.46,337.05,105.56,2708.07
3209,3261,2016-03-28,543,24,14,581,2709.57,179.76,113.68,3003.01
3210,3261,2016-04-26,516,2,37,555,2574.84,14.98,300.44,2890.26
3211,3261,2016-05-26,501,4,15,520,2499.99,29.96,121.8,2651.75
3212,3261,2016-06-24,497,13,7,517,2480.03,97.37,56.84,2634.24
3213,3261,2016-07-24,501,20,0,521,2499.99,149.8,0,2649.79
3214,3261,2016-08-22,1187,5,13,1205,5923.13,37.45,105.56,6066.14
3215,3261,2016-09-21,509,37,9,555,2539.91,277.13,73.08,2890.12
3216,3261,2016-10-21,424,441,9,874,2115.76,3303.09,73.08,5491.93
3217,3261,2016-11-19,489,14,2,505,2440.11,104.86,16.24,2561.21
3218,3261,2016-12-18,498,0,0,498,2485.02,0,0,2485.02
3219,3271,2015-01-08,156,0,3,159,778.44,0,24.36,802.8
3220,3271,2015-02-07,162,11,0,173,808.38,82.39,0,890.77
3221,3291,2014-12-24,221,54,0,275,1102.79,404.46,0,1507.25
3222,3291,2015-01-22,154,0,0,154,768.46,0,0,768.46
3223,3291,2015-02-21,126,11,7,144,628.74,82.39,56.84,767.97
3224,3291,2015-03-23,155,61,8,224,773.45,456.89,64.96,1295.3
3225,3291,2015-04-21,158,28,5,191,788.42,209.72,40.6,1038.74
3226,3291,2015-05-20,224,142,11,377,1117.76,1063.58,89.32,2270.66
3227,3291,2015-06-19,145,8,18,171,723.55,59.92,146.16,929.63
3228,3291,2015-07-18,148,15,4,167,738.52,112.35,32.48,883.35
3229,3291,2015-08-17,155,0,26,181,773.45,0,211.12,984.57
3230,3291,2015-09-16,159,16,27,202,793.41,119.84,219.24,1132.49
3231,3291,2015-10-15,136,8,12,156,678.64,59.92,97.44,836
3232,3291,2015-11-13,152,11,0,163,758.48,82.39,0,840.87
3233,3291,2015-12-12,158,1,46,205,788.42,7.49,373.52,1169.43
3234,3291,2016-01-11,144,1,40,185,718.56,7.49,324.8,1050.85
3235,3291,2016-02-10,150,25,61,236,748.5,187.25,495.32,1431.07
3236,3291,2016-03-10,163,17,14,194,813.37,127.33,113.68,1054.38
3237,3291,2016-04-09,161,8,29,198,803.39,59.92,235.48,1098.79
3238,3291,2016-05-08,151,0,7,158,753.49,0,56.84,810.33
3239,3291,2016-06-06,396,1,0,397,1976.04,7.49,0,1983.53
3240,3291,2016-07-06,139,45,0,184,693.61,337.05,0,1030.66
3241,3291,2016-08-05,149,0,8,157,743.51,0,64.96,808.47
3242,3291,2016-09-04,143,0,21,164,713.57,0,170.52,884.09
3243,3291,2016-10-03,148,69,11,228,738.52,516.81,89.32,1344.65
3244,3291,2016-11-02,164,13,24,201,818.36,97.37,194.88,1110.61
3245,3301,2014-12-11,153,9,15,177,763.47,67.41,121.8,952.68
3246,3301,2015-01-10,152,19,74,245,758.48,142.31,600.88,1501.67
3247,3301,2015-02-08,150,61,12,223,748.5,456.89,97.44,1302.83
3248,3301,2015-03-10,133,34,3,170,663.67,254.66,24.36,942.69
3249,3301,2015-04-09,180,5,54,239,898.2,37.45,438.48,1374.13
3250,3301,2015-05-08,443,22,22,487,2210.57,164.78,178.64,2553.99
3251,3311,2014-12-05,307,22,27,356,1531.93,164.78,219.24,1915.95
3252,3311,2015-01-03,308,31,17,356,1536.92,232.19,138.04,1907.15
3253,3311,2015-02-02,297,30,33,360,1482.03,224.7,267.96,1974.69
3254,3311,2015-03-04,309,27,4,340,1541.91,202.23,32.48,1776.62
3255,3311,2015-04-03,238,38,258,534,1187.62,284.62,2094.96,3567.2
3256,3311,2015-05-02,321,28,18,367,1601.79,209.72,146.16,1957.67
3257,3311,2015-06-01,311,38,17,366,1551.89,284.62,138.04,1974.55
3258,3311,2015-06-30,300,24,0,324,1497,179.76,0,1676.76
3259,3311,2015-07-30,310,44,14,368,1546.9,329.56,113.68,1990.14
3260,3311,2015-08-29,288,53,5,346,1437.12,396.97,40.6,1874.69
3261,3311,2015-09-27,309,20,24,353,1541.91,149.8,194.88,1886.59
3262,3311,2015-10-27,280,34,25,339,1397.2,254.66,203,1854.86
3263,3311,2015-11-26,284,23,40,347,1417.16,172.27,324.8,1914.23
3264,3311,2015-12-26,330,9,8,347,1646.7,67.41,64.96,1779.07
3265,3311,2016-01-25,296,9,45,350,1477.04,67.41,365.4,1909.85
3266,3311,2016-02-23,299,26,37,362,1492.01,194.74,300.44,1987.19
3267,3311,2016-03-24,0,0,19,19,0,0,154.28,154.28
3268,3311,2016-04-23,328,3,0,331,1636.72,22.47,0,1659.19
3269,3311,2016-05-23,299,24,161,484,1492.01,179.76,1307.32,2979.09
3270,3311,2016-06-22,4160,22,34,4216,20758.4,164.78,276.08,21199.26
3271,3311,2016-07-21,300,24,22,346,1497,179.76,178.64,1855.4
3272,3311,2016-08-20,284,47,22,353,1417.16,352.03,178.64,1947.83
3273,3311,2016-09-18,293,21,17,331,1462.07,157.29,138.04,1757.4
3274,3311,2016-10-17,293,35,22,350,1462.07,262.15,178.64,1902.86
3275,3311,2016-11-15,298,25,17,340,1487.02,187.25,138.04,1812.31
3276,3311,2016-12-15,307,42,28,377,1531.93,314.58,227.36,2073.87
3277,3321,2014-12-14,502,4,1,507,2504.98,29.96,8.12,2543.06
3278,3321,2015-01-13,501,10,0,511,2499.99,74.9,0,2574.89
3279,3321,2015-02-12,506,0,0,506,2524.94,0,0,2524.94
3280,3321,2015-03-14,605,0,8,613,3018.95,0,64.96,3083.91
3281,3321,2015-04-12,524,7,0,531,2614.76,52.43,0,2667.19
3282,3321,2015-05-12,504,34,5,543,2514.96,254.66,40.6,2810.22
3283,3321,2015-06-10,522,0,0,522,2604.78,0,0,2604.78
3284,3321,2015-07-10,524,9,48,581,2614.76,67.41,389.76,3071.93
3285,3321,2015-08-09,500,16,8,524,2495,119.84,64.96,2679.8
3286,3321,2015-09-08,458,55,9,522,2285.42,411.95,73.08,2770.45
3287,3331,2015-01-01,382,0,10,392,1906.18,0,81.2,1987.38
3288,3331,2015-01-31,254,49,13,316,1267.46,367.01,105.56,1740.03
3289,3331,2015-03-02,296,130,33,459,1477.04,973.7,267.96,2718.7
3290,3331,2015-03-31,1964,20,10,1994,9800.36,149.8,81.2,10031.36
3291,3331,2015-04-29,265,50,51,366,1322.35,374.5,414.12,2110.97
3292,3331,2015-05-29,317,26,3,346,1581.83,194.74,24.36,1800.93
3293,3331,2015-06-28,307,17,25,349,1531.93,127.33,203,1862.26
3294,3331,2015-07-27,308,31,21,360,1536.92,232.19,170.52,1939.63
3295,3331,2015-08-25,0,501,120,621,0,3752.49,974.4,4726.89
3296,3331,2015-09-23,303,18,0,321,1511.97,134.82,0,1646.79
3297,3331,2015-10-23,274,51,29,354,1367.26,381.99,235.48,1984.73
3298,3331,2015-11-22,294,772,22,1088,1467.06,5782.28,178.64,7427.98
3299,3331,2015-12-21,293,75,94,462,1462.07,561.75,763.28,2787.1
3300,3331,2016-01-20,294,72,0,366,1467.06,539.28,0,2006.34
3301,3331,2016-02-19,302,0,24,326,1506.98,0,194.88,1701.86
3302,3331,2016-03-19,312,25,0,337,1556.88,187.25,0,1744.13
3303,3331,2016-04-18,313,32,12,357,1561.87,239.68,97.44,1898.99
3304,3331,2016-05-17,315,71,83,469,1571.85,531.79,673.96,2777.6
3305,3331,2016-06-15,279,39,29,347,1392.21,292.11,235.48,1919.8
3306,3331,2016-07-15,253,161,25,439,1262.47,1205.89,203,2671.36
3307,3331,2016-08-14,293,23,21,337,1462.07,172.27,170.52,1804.86
3308,3331,2016-09-12,306,43,6,355,1526.94,322.07,48.72,1897.73
3309,3331,2016-10-11,319,31,18,368,1591.81,232.19,146.16,1970.16
3310,3331,2016-11-09,302,19,30,351,1506.98,142.31,243.6,1892.89
3311,3331,2016-12-08,297,0,16,313,1482.03,0,129.92,1611.95
3312,3341,2014-12-15,534,16,13,563,2664.66,119.84,105.56,2890.06
3313,3341,2015-01-14,348,0,25,373,1736.52,0,203,1939.52
3314,3341,2015-02-12,513,14,16,543,2559.87,104.86,129.92,2794.65
3315,3341,2015-03-14,116,15,15,146,578.84,112.35,121.8,812.99
3316,3341,2015-04-13,506,0,27,533,2524.94,0,219.24,2744.18
3317,3341,2015-05-12,498,12,0,510,2485.02,89.88,0,2574.9
3318,3341,2015-06-10,505,27,13,545,2519.95,202.23,105.56,2827.74
3319,3341,2015-07-10,510,16,95,621,2544.9,119.84,771.4,3436.14
3320,3341,2015-08-08,499,7,0,506,2490.01,52.43,0,2542.44
3321,3341,2015-09-06,457,3,2,462,2280.43,22.47,16.24,2319.14
3322,3341,2015-10-05,511,0,67,578,2549.89,0,544.04,3093.93
3323,3341,2015-11-04,477,22,26,525,2380.23,164.78,211.12,2756.13
3324,3341,2015-12-03,595,11,7,613,2969.05,82.39,56.84,3108.28
3325,3341,2016-01-02,500,33,64,597,2495,247.17,519.68,3261.85
3326,3341,2016-02-01,506,14,28,548,2524.94,104.86,227.36,2857.16
3327,3341,2016-03-02,489,20,0,509,2440.11,149.8,0,2589.91
3328,3341,2016-04-01,673,8,0,681,3358.27,59.92,0,3418.19
3329,3341,2016-05-01,496,0,10,506,2475.04,0,81.2,2556.24
3330,3341,2016-05-30,494,78,12,584,2465.06,584.22,97.44,3146.72
3331,3341,2016-06-29,502,0,9,511,2504.98,0,73.08,2578.06
3332,3341,2016-07-28,503,26,0,529,2509.97,194.74,0,2704.71
3333,3341,2016-08-26,492,0,18,510,2455.08,0,146.16,2601.24
3334,3341,2016-09-25,527,11,18,556,2629.73,82.39,146.16,2858.28
3335,3341,2016-10-25,513,3,4,520,2559.87,22.47,32.48,2614.82
3336,3341,2016-11-24,452,31,15,498,2255.48,232.19,121.8,2609.47
3337,3341,2016-12-24,509,21,11,541,2539.91,157.29,89.32,2786.52
3338,3351,2014-12-06,493,0,7,500,2460.07,0,56.84,2516.91
3339,3351,2015-01-04,465,0,5,470,2320.35,0,40.6,2360.95
3340,3351,2015-02-03,500,0,19,519,2495,0,154.28,2649.28
3341,3351,2015-03-05,541,0,11,552,2699.59,0,89.32,2788.91
3342,3351,2015-04-03,521,0,0,521,2599.79,0,0,2599.79
3343,3351,2015-05-02,496,0,15,511,2475.04,0,121.8,2596.84
3344,3351,2015-05-31,500,32,0,532,2495,239.68,0,2734.68
3345,3351,2015-06-30,497,31,16,544,2480.03,232.19,129.92,2842.14
3346,3351,2015-07-29,501,13,0,514,2499.99,97.37,0,2597.36
3347,3351,2015-08-28,497,24,29,550,2480.03,179.76,235.48,2895.27
3348,3351,2015-09-27,506,2,197,705,2524.94,14.98,1599.64,4139.56
3349,3351,2015-10-26,480,35,0,515,2395.2,262.15,0,2657.35
3350,3351,2015-11-24,504,4,0,508,2514.96,29.96,0,2544.92
3351,3351,2015-12-24,492,4,37,533,2455.08,29.96,300.44,2785.48
3352,3351,2016-01-23,473,32,0,505,2360.27,239.68,0,2599.95
3353,3351,2016-02-21,489,0,0,489,2440.11,0,0,2440.11
3354,3351,2016-03-22,488,10,5,503,2435.12,74.9,40.6,2550.62
3355,3351,2016-04-20,495,0,14,509,2470.05,0,113.68,2583.73
3356,3351,2016-05-19,518,0,1,519,2584.82,0,8.12,2592.94
3357,3351,2016-06-18,538,6,11,555,2684.62,44.94,89.32,2818.88
3358,3351,2016-07-18,494,226,4,724,2465.06,1692.74,32.48,4190.28
3359,3351,2016-08-17,484,3,0,487,2415.16,22.47,0,2437.63
3360,3351,2016-09-16,469,19,8,496,2340.31,142.31,64.96,2547.58
3361,3351,2016-10-15,502,0,27,529,2504.98,0,219.24,2724.22
3362,3351,2016-11-13,503,0,40,543,2509.97,0,324.8,2834.77
3363,3351,2016-12-12,495,0,4,499,2470.05,0,32.48,2502.53
3364,3361,2014-12-19,25,43,23,91,124.75,322.07,186.76,633.58
3365,3361,2015-01-18,94,43,0,137,469.06,322.07,0,791.13
3366,3361,2015-02-17,265,66,24,355,1322.35,494.34,194.88,2011.57
3367,3361,2015-03-18,79,0,31,110,394.21,0,251.72,645.93
3368,3361,2015-04-17,107,22,20,149,533.93,164.78,162.4,861.11
3369,3361,2015-05-16,90,17,280,387,449.1,127.33,2273.6,2850.03
3370,3361,2015-06-15,86,33,42,161,429.14,247.17,341.04,1017.35
3371,3361,2015-07-15,120,27,26,173,598.8,202.23,211.12,1012.15
3372,3361,2015-08-13,98,20,280,398,489.02,149.8,2273.6,2912.42
3373,3361,2015-09-11,103,14,32,149,513.97,104.86,259.84,878.67
3374,3361,2015-10-10,89,111,27,227,444.11,831.39,219.24,1494.74
3375,3361,2015-11-08,98,32,24,154,489.02,239.68,194.88,923.58
3376,3361,2015-12-08,122,48,23,193,608.78,359.52,186.76,1155.06
3377,3361,2016-01-06,101,40,42,183,503.99,299.6,341.04,1144.63
3378,3361,2016-02-04,87,0,52,139,434.13,0,422.24,856.37
3379,3361,2016-04-03,105,36,23,164,523.95,269.64,186.76,980.35
3380,3361,2016-06-02,117,10,19,146,583.83,74.9,154.28,813.01
3381,3361,2016-07-01,113,41,31,185,563.87,307.09,251.72,1122.68
3382,3361,2016-07-30,104,26,48,178,518.96,194.74,389.76,1103.46
3383,3361,2016-08-29,101,27,22,150,503.99,202.23,178.64,884.86
3384,3361,2016-09-27,99,42,44,185,494.01,314.58,357.28,1165.87
3385,3361,2016-10-26,137,56,40,233,683.63,419.44,324.8,1427.87
3386,3361,2016-11-25,84,0,33,117,419.16,0,267.96,687.12
3387,3361,2016-12-24,75,50,33,158,374.25,374.5,267.96,1016.71
3388,3371,2017-01-01,487,15,8,510,2430.13,112.35,64.96,2607.44
3389,3381,2014-12-08,500,0,15,515,2495,0,121.8,2616.8
3390,3381,2015-01-07,513,47,18,578,2559.87,352.03,146.16,3058.06
3391,3381,2015-02-05,538,12,14,564,2684.62,89.88,113.68,2888.18
3392,3381,2015-03-07,496,0,1,497,2475.04,0,8.12,2483.16
3393,3381,2015-04-06,492,0,91,583,2455.08,0,738.92,3194
3394,3381,2015-05-05,501,16,0,517,2499.99,119.84,0,2619.83
3395,3381,2015-06-03,480,0,15,495,2395.2,0,121.8,2517
3396,3381,2015-07-03,497,11,0,508,2480.03,82.39,0,2562.42
3397,3381,2015-08-02,509,15,0,524,2539.91,112.35,0,2652.26
3398,3381,2015-09-01,502,18,0,520,2504.98,134.82,0,2639.8
3399,3381,2015-09-30,733,37,16,786,3657.67,277.13,129.92,4064.72
3400,3381,2015-10-30,529,9,31,569,2639.71,67.41,251.72,2958.84
3401,3381,2015-11-29,505,16,8,529,2519.95,119.84,64.96,2704.75
3402,3381,2015-12-29,495,7,0,502,2470.05,52.43,0,2522.48
3403,3381,2016-01-28,511,39,0,550,2549.89,292.11,0,2842
3404,3381,2016-02-27,511,0,76,587,2549.89,0,617.12,3167.01
3405,3381,2016-03-28,527,0,32,559,2629.73,0,259.84,2889.57
3406,3381,2016-04-27,428,6,36,470,2135.72,44.94,292.32,2472.98
3407,3381,2016-05-26,496,3,0,499,2475.04,22.47,0,2497.51
3408,3381,2016-06-24,495,0,0,495,2470.05,0,0,2470.05
3409,3381,2016-07-24,501,66,2,569,2499.99,494.34,16.24,3010.57
3410,3381,2016-08-23,478,16,39,533,2385.22,119.84,316.68,2821.74
3411,3381,2016-09-21,491,6,0,497,2450.09,44.94,0,2495.03
3412,3381,2016-10-20,472,10,43,525,2355.28,74.9,349.16,2779.34
3413,3381,2016-11-19,504,13,0,517,2514.96,97.37,0,2612.33
3414,3381,2016-12-18,504,4,6,514,2514.96,29.96,48.72,2593.64
3415,3391,2014-12-06,403,16,0,419,2010.97,119.84,0,2130.81
3416,3391,2015-01-05,519,79,8,606,2589.81,591.71,64.96,3246.48
3417,3391,2015-02-04,503,15,2,520,2509.97,112.35,16.24,2638.56
3418,3391,2015-03-06,559,24,8,591,2789.41,179.76,64.96,3034.13
3419,3391,2015-04-05,505,16,40,561,2519.95,119.84,324.8,2964.59
3420,3391,2015-05-04,503,8,1,512,2509.97,59.92,8.12,2578.01
3421,3391,2015-06-02,500,41,0,541,2495,307.09,0,2802.09
3422,3391,2015-07-01,350,7,5,362,1746.5,52.43,40.6,1839.53
3423,3391,2015-07-31,492,10,8,510,2455.08,74.9,64.96,2594.94
3424,3391,2015-08-29,495,0,14,509,2470.05,0,113.68,2583.73
3425,3391,2015-09-27,513,1,3,517,2559.87,7.49,24.36,2591.72
3426,3391,2015-10-26,533,9,5,547,2659.67,67.41,40.6,2767.68
3427,3391,2015-11-25,503,0,0,503,2509.97,0,0,2509.97
3428,3391,2015-12-25,507,52,6,565,2529.93,389.48,48.72,2968.13
3429,3391,2016-01-24,482,17,30,529,2405.18,127.33,243.6,2776.11
3430,3391,2016-02-22,497,10,5,512,2480.03,74.9,40.6,2595.53
3431,3391,2016-03-23,531,19,0,550,2649.69,142.31,0,2792
3432,3391,2016-04-21,495,9,1,505,2470.05,67.41,8.12,2545.58
3433,3391,2016-05-21,429,64,7,500,2140.71,479.36,56.84,2676.91
3434,3391,2016-06-19,514,19,8,541,2564.86,142.31,64.96,2772.13
3435,3391,2016-07-20,532,87,51,670,2654.68,651.63,414.12,3720.43
3436,3391,2016-08-18,563,6,0,569,2809.37,44.94,0,2854.31
3437,3391,2016-09-16,496,16,48,560,2475.04,119.84,389.76,2984.64
3438,3391,2016-10-16,497,14,78,589,2480.03,104.86,633.36,3218.25
3439,3391,2016-11-14,485,17,0,502,2420.15,127.33,0,2547.48
3440,3391,2016-12-14,494,0,14,508,2465.06,0,113.68,2578.74
3441,3401,2016-08-23,92,0,29,121,459.08,0,235.48,694.56
3442,3401,2016-09-22,100,9,35,144,499,67.41,284.2,850.61
3443,3401,2016-10-21,107,27,0,134,533.93,202.23,0,736.16
3444,3401,2016-11-20,110,32,69,211,548.9,239.68,560.28,1348.86
3445,3401,2016-12-19,0,63,40,103,0,471.87,324.8,796.67
3446,3411,2015-10-04,89,24,31,144,444.11,179.76,251.72,875.59
3447,3411,2015-12-03,137,25,15,177,683.63,187.25,121.8,992.68
3448,3411,2016-01-02,110,21,71,202,548.9,157.29,576.52,1282.71
3449,3411,2016-02-01,0,23,25,48,0,172.27,203,375.27
3450,3411,2016-03-01,123,24,26,173,613.77,179.76,211.12,1004.65
3451,3411,2016-03-30,96,28,43,167,479.04,209.72,349.16,1037.92
3452,3411,2016-04-28,94,108,0,202,469.06,808.92,0,1277.98
3453,3411,2016-05-27,100,25,18,143,499,187.25,146.16,832.41
3454,3411,2016-06-25,81,119,70,270,404.19,891.31,568.4,1863.9
3455,3411,2016-07-24,102,39,39,180,508.98,292.11,316.68,1117.77
3456,3411,2016-09-20,101,16,27,144,503.99,119.84,219.24,843.07
3457,3411,2016-10-19,87,32,24,143,434.13,239.68,194.88,868.69
3458,3411,2016-11-17,105,30,36,171,523.95,224.7,292.32,1040.97
3459,3411,2016-12-16,100,25,0,125,499,187.25,0,686.25
3460,3421,2015-01-26,500,28,0,528,2495,209.72,0,2704.72
3461,3421,2015-02-25,484,14,0,498,2415.16,104.86,0,2520.02
3462,3421,2015-03-27,501,28,11,540,2499.99,209.72,89.32,2799.03
3463,3421,2015-04-25,589,0,0,589,2939.11,0,0,2939.11
3464,3421,2015-05-24,508,18,1,527,2534.92,134.82,8.12,2677.86
3465,3421,2015-06-23,474,22,0,496,2365.26,164.78,0,2530.04
3466,3421,2015-07-22,501,0,0,501,2499.99,0,0,2499.99
3467,3421,2015-08-21,487,6,8,501,2430.13,44.94,64.96,2540.03
3468,3421,2015-09-20,470,25,17,512,2345.3,187.25,138.04,2670.59
3469,3421,2015-10-20,480,0,6,486,2395.2,0,48.72,2443.92
3470,3421,2015-11-18,463,0,13,476,2310.37,0,105.56,2415.93
3471,3421,2015-12-17,508,97,10,615,2534.92,726.53,81.2,3342.65
3472,3421,2016-01-16,420,24,0,444,2095.8,179.76,0,2275.56
3473,3421,2016-02-14,474,1,36,511,2365.26,7.49,292.32,2665.07
3474,3421,2016-03-15,516,12,0,528,2574.84,89.88,0,2664.72
3475,3421,2016-04-14,499,6,17,522,2490.01,44.94,138.04,2672.99
3476,3421,2016-05-14,495,20,0,515,2470.05,149.8,0,2619.85
3477,3421,2016-06-13,504,76,0,580,2514.96,569.24,0,3084.2
3478,3421,2016-07-13,489,0,0,489,2440.11,0,0,2440.11
3479,3421,2016-08-11,485,0,0,485,2420.15,0,0,2420.15
3480,3421,2016-09-10,506,40,0,546,2524.94,299.6,0,2824.54
3481,3421,2016-10-09,509,2,7,518,2539.91,14.98,56.84,2611.73
3482,3421,2016-11-07,502,12,57,571,2504.98,89.88,462.84,3057.7
3483,3421,2016-12-07,433,26,31,490,2160.67,194.74,251.72,2607.13
3484,3431,2015-01-06,371,33,2,406,1851.29,247.17,16.24,2114.7
3485,3431,2015-02-05,289,73,31,393,1442.11,546.77,251.72,2240.6
3486,3431,2015-03-06,267,319,30,616,1332.33,2389.31,243.6,3965.24
3487,3431,2015-04-04,321,48,14,383,1601.79,359.52,113.68,2074.99
3488,3431,2015-05-04,319,0,26,345,1591.81,0,211.12,1802.93
3489,3431,2015-06-03,295,58,25,378,1472.05,434.42,203,2109.47
3490,3431,2015-07-03,276,37,22,335,1377.24,277.13,178.64,1833.01
3491,3431,2015-08-01,296,42,24,362,1477.04,314.58,194.88,1986.5
3492,3431,2015-08-31,334,30,12,376,1666.66,224.7,97.44,1988.8
3493,3431,2015-09-30,308,56,12,376,1536.92,419.44,97.44,2053.8
3494,3431,2015-10-30,312,0,104,416,1556.88,0,844.48,2401.36
3495,3431,2015-11-28,345,34,86,465,1721.55,254.66,698.32,2674.53
3496,3431,2015-12-27,260,24,0,284,1297.4,179.76,0,1477.16
3497,3431,2016-01-25,260,34,1,295,1297.4,254.66,8.12,1560.18
3498,3431,2016-02-24,305,8,15,328,1521.95,59.92,121.8,1703.67
3499,3431,2016-03-24,283,23,0,306,1412.17,172.27,0,1584.44
3500,3431,2016-04-22,344,17,1,362,1716.56,127.33,8.12,1852.01
3501,3431,2016-05-22,80,22,12,114,399.2,164.78,97.44,661.42
3502,3431,2016-06-20,278,18,0,296,1387.22,134.82,0,1522.04
3503,3431,2016-07-20,347,0,17,364,1731.53,0,138.04,1869.57
3504,3431,2016-08-18,304,28,22,354,1516.96,209.72,178.64,1905.32
3505,3431,2016-09-17,296,0,3,299,1477.04,0,24.36,1501.4
3506,3431,2016-10-16,67,38,19,124,334.33,284.62,154.28,773.23
3507,3431,2016-11-14,298,29,19,346,1487.02,217.21,154.28,1858.51
3508,3431,2016-12-14,317,144,13,474,1581.83,1078.56,105.56,2765.95
3509,3441,2014-12-24,342,9,0,351,1706.58,67.41,0,1773.99
3510,3441,2015-01-23,304,16,12,332,1516.96,119.84,97.44,1734.24
3511,3441,2015-02-22,294,29,2,325,1467.06,217.21,16.24,1700.51
3512,3441,2015-03-23,317,38,34,389,1581.83,284.62,276.08,2142.53
3513,3441,2015-04-22,288,32,27,347,1437.12,239.68,219.24,1896.04
3514,3441,2015-05-21,335,0,7,342,1671.65,0,56.84,1728.49
3515,3441,2015-06-19,236,23,0,259,1177.64,172.27,0,1349.91
3516,3451,2015-09-06,171,87,32,290,853.29,651.63,259.84,1764.76
3517,3451,2015-10-06,109,23,21,153,543.91,172.27,170.52,886.7
3518,3451,2015-11-04,104,26,15,145,518.96,194.74,121.8,835.5
3519,3451,2015-12-03,86,0,90,176,429.14,0,730.8,1159.94
3520,3451,2016-01-01,120,29,38,187,598.8,217.21,308.56,1124.57
3521,3451,2016-01-31,3,23,0,26,14.97,172.27,0,187.24
3522,3451,2016-03-01,90,39,37,166,449.1,292.11,300.44,1041.65
3523,3461,2017-01-01,231,37,16,284,1152.69,277.13,129.92,1559.74
3524,3471,2014-12-24,102,82,28,212,508.98,614.18,227.36,1350.52
3525,3471,2015-01-23,78,21,128,227,389.22,157.29,1039.36,1585.87
3526,3481,2016-01-15,313,347,4,664,1561.87,2599.03,32.48,4193.38
3527,3481,2016-02-14,310,50,37,397,1546.9,374.5,300.44,2221.84
3528,3481,2016-03-14,308,21,14,343,1536.92,157.29,113.68,1807.89
3529,3481,2016-04-13,308,22,39,369,1536.92,164.78,316.68,2018.38
3530,3481,2016-05-13,306,34,13,353,1526.94,254.66,105.56,1887.16
3531,3481,2016-06-11,527,40,9,576,2629.73,299.6,73.08,3002.41
3532,3481,2016-07-11,305,10,46,361,1521.95,74.9,373.52,1970.37
3533,3481,2016-08-10,308,40,31,379,1536.92,299.6,251.72,2088.24
3534,3481,2016-09-09,291,0,18,309,1452.09,0,146.16,1598.25
3535,3481,2016-10-09,303,29,0,332,1511.97,217.21,0,1729.18
3536,3481,2016-11-07,303,23,29,355,1511.97,172.27,235.48,1919.72
3537,3481,2016-12-07,285,36,0,321,1422.15,269.64,0,1691.79
3538,3491,2014-12-07,90,16,68,174,449.1,119.84,552.16,1121.1
3539,3491,2015-01-05,80,14,36,130,399.2,104.86,292.32,796.38
3540,3491,2015-02-04,125,33,51,209,623.75,247.17,414.12,1285.04
3541,3491,2015-03-05,91,36,145,272,454.09,269.64,1177.4,1901.13
3542,3501,2015-01-01,564,7,6,577,2814.36,52.43,48.72,2915.51
3543,3501,2015-01-30,489,38,38,565,2440.11,284.62,308.56,3033.29
3544,3501,2015-03-01,517,0,41,558,2579.83,0,332.92,2912.75
3545,3501,2015-03-30,499,15,0,514,2490.01,112.35,0,2602.36
3546,3501,2015-04-28,499,17,12,528,2490.01,127.33,97.44,2714.78
3547,3501,2015-05-27,502,0,5,507,2504.98,0,40.6,2545.58
3548,3501,2015-06-26,507,64,28,599,2529.93,479.36,227.36,3236.65
3549,3501,2015-07-26,325,0,10,335,1621.75,0,81.2,1702.95
3550,3501,2015-08-25,493,12,38,543,2460.07,89.88,308.56,2858.51
3551,3501,2015-09-23,521,0,13,534,2599.79,0,105.56,2705.35
3552,3501,2015-10-22,502,24,298,824,2504.98,179.76,2419.76,5104.5
3553,3501,2015-11-21,525,64,14,603,2619.75,479.36,113.68,3212.79
3554,3501,2015-12-20,314,0,211,525,1566.86,0,1713.32,3280.18
3555,3501,2016-01-18,462,17,0,479,2305.38,127.33,0,2432.71
3556,3501,2016-02-17,523,7,21,551,2609.77,52.43,170.52,2832.72
3557,3501,2016-03-17,493,19,5,517,2460.07,142.31,40.6,2642.98
3558,3501,2016-04-15,507,6,44,557,2529.93,44.94,357.28,2932.15
3559,3501,2016-05-14,492,19,40,551,2455.08,142.31,324.8,2922.19
3560,3501,2016-06-12,500,5,1,506,2495,37.45,8.12,2540.57
3561,3501,2016-07-11,490,0,9,499,2445.1,0,73.08,2518.18
3562,3501,2016-08-09,490,49,0,539,2445.1,367.01,0,2812.11
3563,3501,2016-09-07,518,0,11,529,2584.82,0,89.32,2674.14
3564,3501,2016-10-07,498,8,20,526,2485.02,59.92,162.4,2707.34
3565,3501,2016-11-05,491,0,15,506,2450.09,0,121.8,2571.89
3566,3501,2016-12-05,484,0,9,493,2415.16,0,73.08,2488.24
3567,3511,2016-01-21,95,40,16,151,474.05,299.6,129.92,903.57
3568,3511,2016-02-20,92,136,18,246,459.08,1018.64,146.16,1623.88
3569,3511,2016-03-21,92,18,41,151,459.08,134.82,332.92,926.82
3570,3511,2016-04-19,88,31,28,147,439.12,232.19,227.36,898.67
3571,3511,2016-05-18,91,0,60,151,454.09,0,487.2,941.29
3572,3511,2016-06-16,91,58,17,166,454.09,434.42,138.04,1026.55
3573,3511,2016-07-16,90,11,0,101,449.1,82.39,0,531.49
3574,3511,2016-08-15,0,12,0,12,0,89.88,0,89.88
3575,3511,2016-09-13,128,40,18,186,638.72,299.6,146.16,1084.48
3576,3521,2014-12-30,83,25,27,135,414.17,187.25,219.24,820.66
3577,3521,2015-01-28,215,31,11,257,1072.85,232.19,89.32,1394.36
3578,3521,2015-02-27,93,43,0,136,464.07,322.07,0,786.14
3579,3521,2015-03-28,110,32,34,176,548.9,239.68,276.08,1064.66
3580,3521,2015-05-26,142,33,34,209,708.58,247.17,276.08,1231.83
3581,3521,2015-06-24,89,0,74,163,444.11,0,600.88,1044.99
3582,3521,2015-08-22,73,34,29,136,364.27,254.66,235.48,854.41
3583,3521,2015-09-21,92,19,27,138,459.08,142.31,219.24,820.63
3584,3521,2015-10-21,127,27,37,191,633.73,202.23,300.44,1136.4
3585,3521,2015-11-20,70,535,45,650,349.3,4007.15,365.4,4721.85
3586,3521,2015-12-19,70,41,29,140,349.3,307.09,235.48,891.87
3587,3521,2016-01-17,33,31,47,111,164.67,232.19,381.64,778.5
3588,3521,2016-02-16,46,18,28,92,229.54,134.82,227.36,591.72
3589,3521,2016-03-17,20,37,31,88,99.8,277.13,251.72,628.65
3590,3521,2016-04-16,95,50,38,183,474.05,374.5,308.56,1157.11
3591,3521,2016-05-16,96,26,40,162,479.04,194.74,324.8,998.58
3592,3521,2016-06-14,108,31,30,169,538.92,232.19,243.6,1014.71
3593,3521,2016-07-13,309,138,33,480,1541.91,1033.62,267.96,2843.49
3594,3521,2016-08-12,103,38,414,555,513.97,284.62,3361.68,4160.27
3595,3521,2016-09-11,103,179,72,354,513.97,1340.71,584.64,2439.32
3596,3521,2016-10-10,103,101,39,243,513.97,756.49,316.68,1587.14
3597,3521,2016-11-08,121,16,41,178,603.79,119.84,332.92,1056.55
3598,3521,2016-12-08,106,41,32,179,528.94,307.09,259.84,1095.87
3599,3531,2016-09-04,313,36,0,349,1561.87,269.64,0,1831.51
3600,3531,2016-10-04,339,141,74,554,1691.61,1056.09,600.88,3348.58
3601,3531,2016-11-03,292,30,39,361,1457.08,224.7,316.68,1998.46
3602,3531,2016-12-03,312,23,0,335,1556.88,172.27,0,1729.15
3603,3541,2014-12-04,477,0,0,477,2380.23,0,0,2380.23
3604,3541,2015-01-02,535,13,33,581,2669.65,97.37,267.96,3034.98
3605,3541,2015-01-31,495,15,17,527,2470.05,112.35,138.04,2720.44
3606,3541,2015-03-01,965,12,38,1015,4815.35,89.88,308.56,5213.79
3607,3541,2015-03-31,490,165,10,665,2445.1,1235.85,81.2,3762.15
3608,3541,2015-04-29,517,3,0,520,2579.83,22.47,0,2602.3
3609,3541,2015-05-29,297,74,0,371,1482.03,554.26,0,2036.29
3610,3541,2015-06-27,525,38,0,563,2619.75,284.62,0,2904.37
3611,3541,2015-07-26,486,15,39,540,2425.14,112.35,316.68,2854.17
3612,3541,2015-08-24,519,15,123,657,2589.81,112.35,998.76,3700.92
3613,3541,2015-09-22,496,8,75,579,2475.04,59.92,609,3143.96
3614,3541,2015-10-22,496,5,10,511,2475.04,37.45,81.2,2593.69
3615,3541,2015-11-20,494,69,0,563,2465.06,516.81,0,2981.87
3616,3541,2015-12-20,508,2,0,510,2534.92,14.98,0,2549.9
3617,3541,2016-01-18,488,0,10,498,2435.12,0,81.2,2516.32
3618,3541,2016-02-16,501,0,5,506,2499.99,0,40.6,2540.59
3619,3541,2016-03-17,504,0,0,504,2514.96,0,0,2514.96
3620,3541,2016-04-16,499,15,0,514,2490.01,112.35,0,2602.36
3621,3541,2016-05-15,499,81,25,605,2490.01,606.69,203,3299.7
3622,3541,2016-06-14,503,42,10,555,2509.97,314.58,81.2,2905.75
3623,3541,2016-07-13,502,6,0,508,2504.98,44.94,0,2549.92
3624,3541,2016-08-12,529,1,31,561,2639.71,7.49,251.72,2898.92
3625,3541,2016-09-10,517,6,9,532,2579.83,44.94,73.08,2697.85
3626,3541,2016-10-09,498,4,16,518,2485.02,29.96,129.92,2644.9
3627,3541,2016-11-07,495,25,13,533,2470.05,187.25,105.56,2762.86
3628,3541,2016-12-06,500,27,0,527,2495,202.23,0,2697.23
3629,3551,2015-01-01,99,31,37,167,494.01,232.19,300.44,1026.64
3630,3551,2015-01-30,71,37,0,108,354.29,277.13,0,631.42
3631,3551,2015-02-28,101,26,17,144,503.99,194.74,138.04,836.77
3632,3551,2015-03-29,87,100,19,206,434.13,749,154.28,1337.41
3633,3551,2015-04-27,85,42,24,151,424.15,314.58,194.88,933.61
3634,3551,2015-06-24,68,78,40,186,339.32,584.22,324.8,1248.34
3635,3551,2015-07-23,111,25,36,172,553.89,187.25,292.32,1033.46
3636,3551,2015-08-21,86,0,50,136,429.14,0,406,835.14
3637,3551,2015-09-19,77,40,40,157,384.23,299.6,324.8,1008.63
3638,3551,2015-10-18,95,63,27,185,474.05,471.87,219.24,1165.16
3639,3551,2015-11-17,115,11,26,152,573.85,82.39,211.12,867.36
3640,3551,2015-12-16,100,26,46,172,499,194.74,373.52,1067.26
3641,3551,2016-01-14,0,40,43,83,0,299.6,349.16,648.76
3642,3551,2016-02-13,83,0,3,86,414.17,0,24.36,438.53
3643,3551,2016-03-13,119,37,27,183,593.81,277.13,219.24,1090.18
3644,3551,2016-04-11,111,390,56,557,553.89,2921.1,454.72,3929.71
3645,3551,2016-05-11,94,43,16,153,469.06,322.07,129.92,921.05
3646,3551,2016-07-08,4,34,0,38,19.96,254.66,0,274.62
3647,3551,2016-08-06,116,3,28,147,578.84,22.47,227.36,828.67
3648,3551,2016-09-05,106,27,0,133,528.94,202.23,0,731.17
3649,3561,2014-12-06,495,0,7,502,2470.05,0,56.84,2526.89
3650,3561,2015-01-05,534,25,8,567,2664.66,187.25,64.96,2916.87
3651,3561,2015-02-04,518,0,12,530,2584.82,0,97.44,2682.26
3652,3561,2015-03-05,508,0,42,550,2534.92,0,341.04,2875.96
3653,3561,2015-04-03,458,3,0,461,2285.42,22.47,0,2307.89
3654,3561,2015-05-03,495,0,0,495,2470.05,0,0,2470.05
3655,3561,2015-06-01,520,9,42,571,2594.8,67.41,341.04,3003.25
3656,3561,2015-07-01,666,9,17,692,3323.34,67.41,138.04,3528.79
3657,3561,2015-07-30,500,0,0,500,2495,0,0,2495
3658,3561,2015-08-29,450,9,7,466,2245.5,67.41,56.84,2369.75
3659,3561,2015-09-28,531,13,0,544,2649.69,97.37,0,2747.06
3660,3561,2015-10-28,496,3,0,499,2475.04,22.47,0,2497.51
3661,3561,2015-11-26,501,0,15,516,2499.99,0,121.8,2621.79
3662,3561,2015-12-26,496,0,0,496,2475.04,0,0,2475.04
3663,3561,2016-02-22,503,23,0,526,2509.97,172.27,0,2682.24
3664,3561,2016-03-23,503,21,9,533,2509.97,157.29,73.08,2740.34
3665,3561,2016-04-21,441,13,1838,2292,2200.59,97.37,14924.56,17222.52
3666,3561,2016-05-20,500,17,0,517,2495,127.33,0,2622.33
3667,3561,2016-06-18,503,8,0,511,2509.97,59.92,0,2569.89
3668,3561,2016-07-17,472,14,0,486,2355.28,104.86,0,2460.14
3669,3561,2016-08-16,496,0,17,513,2475.04,0,138.04,2613.08
3670,3561,2016-09-14,501,24,39,564,2499.99,179.76,316.68,2996.43
3671,3561,2016-10-13,498,14,0,512,2485.02,104.86,0,2589.88
3672,3561,2016-11-11,488,0,111,599,2435.12,0,901.32,3336.44
3673,3561,2016-12-11,503,15,3,521,2509.97,112.35,24.36,2646.68
3674,3571,2014-12-09,128,20,10,158,638.72,149.8,81.2,869.72
3675,3571,2015-01-07,104,44,22,170,518.96,329.56,178.64,1027.16
3676,3571,2015-02-05,111,32,32,175,553.89,239.68,259.84,1053.41
3677,3571,2015-03-06,100,32,6,138,499,239.68,48.72,787.4
3678,3571,2015-04-05,93,14,29,136,464.07,104.86,235.48,804.41
3679,3571,2015-05-05,106,42,19,167,528.94,314.58,154.28,997.8
3680,3581,2014-12-09,500,22,65,587,2495,164.78,527.8,3187.58
3681,3581,2015-01-08,504,5,2,511,2514.96,37.45,16.24,2568.65
3682,3581,2015-02-07,478,7,13,498,2385.22,52.43,105.56,2543.21
3683,3581,2015-03-09,503,23,14,540,2509.97,172.27,113.68,2795.92
3684,3581,2015-04-08,504,8,0,512,2514.96,59.92,0,2574.88
3685,3581,2015-05-08,559,27,10,596,2789.41,202.23,81.2,3072.84
3686,3581,2015-06-06,493,0,11,504,2460.07,0,89.32,2549.39
3687,3581,2015-07-05,507,2,9,518,2529.93,14.98,73.08,2617.99
3688,3581,2015-08-04,499,0,0,499,2490.01,0,0,2490.01
3689,3581,2015-09-03,497,8,9,514,2480.03,59.92,73.08,2613.03
3690,3581,2015-10-03,498,13,2,513,2485.02,97.37,16.24,2598.63
3691,3581,2015-11-02,480,3,11,494,2395.2,22.47,89.32,2506.99
3692,3581,2015-12-02,515,0,0,515,2569.85,0,0,2569.85
3693,3581,2016-01-01,467,6,14,487,2330.33,44.94,113.68,2488.95
3694,3581,2016-01-31,492,14,0,506,2455.08,104.86,0,2559.94
3695,3581,2016-02-29,505,0,1,506,2519.95,0,8.12,2528.07
3696,3581,2016-03-30,415,27,28,470,2070.85,202.23,227.36,2500.44
3697,3581,2016-04-28,490,32,0,522,2445.1,239.68,0,2684.78
3698,3581,2016-05-28,492,7,43,542,2455.08,52.43,349.16,2856.67
3699,3581,2016-06-26,503,19,10,532,2509.97,142.31,81.2,2733.48
3700,3581,2016-07-25,490,28,31,549,2445.1,209.72,251.72,2906.54
3701,3581,2016-08-23,509,0,3,512,2539.91,0,24.36,2564.27
3702,3581,2016-10-22,512,20,0,532,2554.88,149.8,0,2704.68
3703,3581,2016-11-21,502,13,8,523,2504.98,97.37,64.96,2667.31
3704,3581,2016-12-21,416,6,22,444,2075.84,44.94,178.64,2299.42
3705,3591,2014-12-03,389,32,46,467,1941.11,239.68,373.52,2554.31
3706,3591,2015-01-01,326,45,10,381,1626.74,337.05,81.2,2044.99
3707,3591,2015-01-31,478,44,17,539,2385.22,329.56,138.04,2852.82
3708,3591,2015-03-02,297,137,91,525,1482.03,1026.13,738.92,3247.08
3709,3591,2015-03-31,271,35,19,325,1352.29,262.15,154.28,1768.72
3710,3591,2015-04-29,277,29,184,490,1382.23,217.21,1494.08,3093.52
3711,3591,2015-05-29,42207,31,3225,45463,210612.93,232.19,26187,237032.12
3712,3591,2015-06-27,325,18,6,349,1621.75,134.82,48.72,1805.29
3713,3591,2015-07-26,321,30,32,383,1601.79,224.7,259.84,2086.33
3714,3591,2015-08-25,324,20,14,358,1616.76,149.8,113.68,1880.24
3715,3591,2015-09-24,464,31,0,495,2315.36,232.19,0,2547.55
3716,3591,2015-10-23,306,0,18,324,1526.94,0,146.16,1673.1
3717,3591,2015-11-21,277,33,34,344,1382.23,247.17,276.08,1905.48
3718,3591,2015-12-20,315,0,23,338,1571.85,0,186.76,1758.61
3719,3591,2016-01-19,302,40,4,346,1506.98,299.6,32.48,1839.06
3720,3591,2016-02-17,266,36,34,336,1327.34,269.64,276.08,1873.06
3721,3591,2016-03-17,395,38,14,447,1971.05,284.62,113.68,2369.35
3722,3591,2016-04-16,297,7,21,325,1482.03,52.43,170.52,1704.98
3723,3591,2016-05-15,258,28,45,331,1287.42,209.72,365.4,1862.54
3724,3591,2016-06-13,191,9,3,203,953.09,67.41,24.36,1044.86
3725,3591,2016-07-13,344,30,8,382,1716.56,224.7,64.96,2006.22
3726,3601,2014-12-11,329,57,21,407,1641.71,426.93,170.52,2239.16
3727,3601,2015-01-09,281,38,37,356,1402.19,284.62,300.44,1987.25
3728,3601,2015-02-07,272,362,13,647,1357.28,2711.38,105.56,4174.22
3729,3601,2015-03-08,184,0,189,373,918.16,0,1534.68,2452.84
3730,3601,2015-04-07,285,43,0,328,1422.15,322.07,0,1744.22
3731,3601,2015-05-06,297,31,17,345,1482.03,232.19,138.04,1852.26
3732,3601,2015-06-05,301,25,30,356,1501.99,187.25,243.6,1932.84
3733,3601,2015-07-04,321,27,18,366,1601.79,202.23,146.16,1950.18
3734,3601,2015-08-02,296,0,14,310,1477.04,0,113.68,1590.72
3735,3601,2015-09-01,237,36,0,273,1182.63,269.64,0,1452.27
3736,3601,2015-09-30,289,14,25,328,1442.11,104.86,203,1749.97
3737,3601,2015-10-30,294,24,195,513,1467.06,179.76,1583.4,3230.22
3738,3601,2015-11-29,311,28,23,362,1551.89,209.72,186.76,1948.37
3739,3601,2015-12-28,339,44,25,408,1691.61,329.56,203,2224.17
3740,3601,2016-01-27,298,50,77,425,1487.02,374.5,625.24,2486.76
3741,3601,2016-02-25,847,0,23,870,4226.53,0,186.76,4413.29
3742,3601,2016-03-25,309,23,79,411,1541.91,172.27,641.48,2355.66
3743,3601,2016-04-24,296,13,24,333,1477.04,97.37,194.88,1769.29
3744,3601,2016-05-23,298,2,38,338,1487.02,14.98,308.56,1810.56
3745,3601,2016-06-22,280,18,23,321,1397.2,134.82,186.76,1718.78
3746,3601,2016-07-21,309,0,0,309,1541.91,0,0,1541.91
3747,3601,2016-08-19,337,14,0,351,1681.63,104.86,0,1786.49
3748,3601,2016-09-18,279,44,19,342,1392.21,329.56,154.28,1876.05
3749,3601,2016-10-18,307,41,0,348,1531.93,307.09,0,1839.02
3750,3601,2016-11-17,301,43,14,358,1501.99,322.07,113.68,1937.74
3751,3601,2016-12-17,329,37,21,387,1641.71,277.13,170.52,2089.36
3752,3611,2014-12-28,94,31,32,157,469.06,232.19,259.84,961.09
3753,3611,2015-01-26,90,77,51,218,449.1,576.73,414.12,1439.95
3754,3611,2015-02-25,104,47,0,151,518.96,352.03,0,870.99
3755,3611,2015-03-27,75,0,157,232,374.25,0,1274.84,1649.09
3756,3611,2015-04-25,106,94,237,437,528.94,704.06,1924.44,3157.44
3757,3621,2016-11-05,478,16,0,494,2385.22,119.84,0,2505.06
3758,3621,2016-12-04,508,75,67,650,2534.92,561.75,544.04,3640.71
3759,3631,2015-04-15,298,113,15,426,1487.02,846.37,121.8,2455.19
3760,3631,2015-05-14,267,14,3,284,1332.33,104.86,24.36,1461.55
3761,3631,2015-06-12,184,33,0,217,918.16,247.17,0,1165.33
3762,3631,2015-07-12,315,25,18,358,1571.85,187.25,146.16,1905.26
3763,3631,2015-08-11,371,13,0,384,1851.29,97.37,0,1948.66
3764,3631,2015-09-09,298,92,23,413,1487.02,689.08,186.76,2362.86
3765,3631,2015-10-09,7404,32,44,7480,36945.96,239.68,357.28,37542.92
3766,3631,2015-11-08,303,28,19,350,1511.97,209.72,154.28,1875.97
3767,3631,2015-12-08,338,34,0,372,1686.62,254.66,0,1941.28
3768,3631,2016-01-07,114,0,18,132,568.86,0,146.16,715.02
3769,3631,2016-02-06,307,40,49,396,1531.93,299.6,397.88,2229.41
3770,3631,2016-03-06,301,61,20,382,1501.99,456.89,162.4,2121.28
3771,3631,2016-04-05,310,25,26,361,1546.9,187.25,211.12,1945.27
3772,3631,2016-05-05,312,33,20,365,1556.88,247.17,162.4,1966.45
3773,3631,2016-06-03,302,312,12,626,1506.98,2336.88,97.44,3941.3
3774,3631,2016-07-02,309,0,22,331,1541.91,0,178.64,1720.55
3775,3631,2016-08-01,292,0,19,311,1457.08,0,154.28,1611.36
3776,3631,2016-08-31,305,40,68,413,1521.95,299.6,552.16,2373.71
3777,3631,2016-09-30,299,26,72,397,1492.01,194.74,584.64,2271.39
3778,3631,2016-10-30,300,5,0,305,1497,37.45,0,1534.45
3779,3631,2016-11-28,305,45,0,350,1521.95,337.05,0,1859
3780,3631,2016-12-27,242,20,21,283,1207.58,149.8,170.52,1527.9
3781,3641,2014-12-16,101,37,48,186,503.99,277.13,389.76,1170.88
3782,3641,2015-01-15,58,34,22,114,289.42,254.66,178.64,722.72
3783,3641,2015-02-13,48,0,47,95,239.52,0,381.64,621.16
3784,3641,2015-04-13,54,19,0,73,269.46,142.31,0,411.77
3785,3641,2015-06-11,78,4,27,109,389.22,29.96,219.24,638.42
3786,3641,2015-07-11,100,28,12,140,499,209.72,97.44,806.16
3787,3641,2015-08-09,0,41,134,175,0,307.09,1088.08,1395.17
3788,3641,2015-09-07,75,13,31,119,374.25,97.37,251.72,723.34
3789,3641,2015-10-07,114,36,36,186,568.86,269.64,292.32,1130.82
3790,3641,2015-11-06,309,113,27,449,1541.91,846.37,219.24,2607.52
3791,3641,2015-12-05,103,28,31,162,513.97,209.72,251.72,975.41
3792,3641,2016-01-03,544,43,58,645,2714.56,322.07,470.96,3507.59
3793,3641,2016-02-02,102,31,2,135,508.98,232.19,16.24,757.41
3794,3641,2016-03-02,105,20,38,163,523.95,149.8,308.56,982.31
3795,3641,2016-04-01,89,0,24,113,444.11,0,194.88,638.99
3796,3641,2016-04-30,97,61,36,194,484.03,456.89,292.32,1233.24
3797,3641,2016-05-29,119,36,22,177,593.81,269.64,178.64,1042.09
3798,3641,2016-06-28,91,0,29,120,454.09,0,235.48,689.57
3799,3641,2016-07-27,91,27,54,172,454.09,202.23,438.48,1094.8
3800,3641,2016-08-25,91,27,26,144,454.09,202.23,211.12,867.44
3801,3651,2017-01-01,469,0,14,483,2340.31,0,113.68,2453.99
3802,3661,2014-12-16,109,43,30,182,543.91,322.07,243.6,1109.58
3803,3661,2015-01-14,83,38,11,132,414.17,284.62,89.32,788.11
3804,3661,2015-02-12,96,27,41,164,479.04,202.23,332.92,1014.19
3805,3661,2015-03-13,100,0,0,100,499,0,0,499
3806,3671,2015-07-23,307,38,0,345,1531.93,284.62,0,1816.55
3807,3671,2015-08-21,287,28,10,325,1432.13,209.72,81.2,1723.05
3808,3671,2015-09-20,322,34,9,365,1606.78,254.66,73.08,1934.52
3809,3671,2015-10-19,345,43,21,409,1721.55,322.07,170.52,2214.14
3810,3671,2015-11-17,256,17,5,278,1277.44,127.33,40.6,1445.37
3811,3671,2015-12-17,292,0,0,292,1457.08,0,0,1457.08
3812,3671,2016-01-15,305,43,25,373,1521.95,322.07,203,2047.02
3813,3671,2016-02-14,320,32,30,382,1596.8,239.68,243.6,2080.08
3814,3671,2016-03-14,323,24,24,371,1611.77,179.76,194.88,1986.41
3815,3671,2016-04-13,290,0,243,533,1447.1,0,1973.16,3420.26
3816,3671,2016-05-13,298,32,26,356,1487.02,239.68,211.12,1937.82
3817,3671,2016-06-11,283,21,0,304,1412.17,157.29,0,1569.46
3818,3671,2016-07-11,259,34,33,326,1292.41,254.66,267.96,1815.03
3819,3671,2016-08-10,302,28,13,343,1506.98,209.72,105.56,1822.26
3820,3671,2016-09-09,300,29,7,336,1497,217.21,56.84,1771.05
3821,3671,2016-10-09,292,52,15,359,1457.08,389.48,121.8,1968.36
3822,3671,2016-11-08,314,0,18,332,1566.86,0,146.16,1713.02
3823,3671,2016-12-08,244,30,0,274,1217.56,224.7,0,1442.26
3824,3681,2014-12-22,103,32,39,174,513.97,239.68,316.68,1070.33
3825,3681,2015-01-20,91,16,35,142,454.09,119.84,284.2,858.13
3826,3681,2015-02-18,89,34,27,150,444.11,254.66,219.24,918.01
3827,3681,2015-03-19,76,44,0,120,379.24,329.56,0,708.8
3828,3681,2015-04-18,122,70,22,214,608.78,524.3,178.64,1311.72
3829,3681,2015-05-18,152,27,0,179,758.48,202.23,0,960.71
3830,3681,2015-06-17,97,25,0,122,484.03,187.25,0,671.28
3831,3681,2015-07-17,95,119,52,266,474.05,891.31,422.24,1787.6
3832,3681,2015-08-15,92,35,38,165,459.08,262.15,308.56,1029.79
3833,3681,2015-09-14,88,39,24,151,439.12,292.11,194.88,926.11
3834,3691,2014-12-10,79,0,43,122,394.21,0,349.16,743.37
3835,3691,2015-01-08,103,38,19,160,513.97,284.62,154.28,952.87
3836,3691,2015-02-06,108,23,41,172,538.92,172.27,332.92,1044.11
3837,3691,2015-03-08,88,111,64,263,439.12,831.39,519.68,1790.19
3838,3691,2015-04-06,188,32,0,220,938.12,239.68,0,1177.8
3839,3691,2015-05-05,106,88,37,231,528.94,659.12,300.44,1488.5
3840,3691,2015-06-04,62,15,22,99,309.38,112.35,178.64,600.37
3841,3691,2015-08-01,48,4,19,71,239.52,29.96,154.28,423.76
3842,3691,2015-08-30,108,0,27,135,538.92,0,219.24,758.16
3843,3691,2015-09-29,100,48,29,177,499,359.52,235.48,1094
3844,3691,2015-10-29,106,11,31,148,528.94,82.39,251.72,863.05
3845,3691,2015-11-28,99,11,21,131,494.01,82.39,170.52,746.92
3846,3691,2015-12-28,100,27,36,163,499,202.23,292.32,993.55
3847,3691,2016-01-27,96,33,48,177,479.04,247.17,389.76,1115.97
3848,3691,2016-02-25,113,18,98,229,563.87,134.82,795.76,1494.45
3849,3691,2016-03-26,104,331,27,462,518.96,2479.19,219.24,3217.39
3850,3691,2016-04-25,118,48,54,220,588.82,359.52,438.48,1386.82
3851,3691,2016-05-25,1047,0,30,1077,5224.53,0,243.6,5468.13
3852,3691,2016-06-24,102,19,61,182,508.98,142.31,495.32,1146.61
3853,3691,2016-07-24,35,0,34,69,174.65,0,276.08,450.73
3854,3691,2016-08-22,92,147,30,269,459.08,1101.03,243.6,1803.71
3855,3691,2016-09-20,125,1,29,155,623.75,7.49,235.48,866.72
3856,3691,2016-10-18,1237,41,0,1278,6172.63,307.09,0,6479.72
3857,3691,2016-12-15,95,0,0,95,474.05,0,0,474.05
3858,3701,2014-12-10,301,29,19,349,1501.99,217.21,154.28,1873.48
3859,3701,2015-01-09,201,44,0,245,1002.99,329.56,0,1332.55
3860,3701,2015-02-08,298,22,21,341,1487.02,164.78,170.52,1822.32
3861,3701,2015-03-10,296,19,11,326,1477.04,142.31,89.32,1708.67
3862,3701,2015-04-09,0,36,39,75,0,269.64,316.68,586.32
3863,3701,2015-05-09,306,25,0,331,1526.94,187.25,0,1714.19
3864,3701,2015-06-08,292,32,34,358,1457.08,239.68,276.08,1972.84
3865,3701,2015-07-08,306,37,17,360,1526.94,277.13,138.04,1942.11
3866,3701,2015-08-07,273,24,14,311,1362.27,179.76,113.68,1655.71
3867,3701,2015-09-06,232,31,222,485,1157.68,232.19,1802.64,3192.51
3868,3701,2015-10-06,267,38,22,327,1332.33,284.62,178.64,1795.59
3869,3701,2015-11-04,290,57,25,372,1447.1,426.93,203,2077.03
3870,3701,2015-12-03,301,115,23,439,1501.99,861.35,186.76,2550.1
3871,3701,2016-01-02,302,20,0,322,1506.98,149.8,0,1656.78
3872,3701,2016-02-01,292,0,0,292,1457.08,0,0,1457.08
3873,3701,2016-03-02,328,0,13,341,1636.72,0,105.56,1742.28
3874,3701,2016-03-31,218,23,24,265,1087.82,172.27,194.88,1454.97
3875,3701,2016-04-29,296,20,15,331,1477.04,149.8,121.8,1748.64
3876,3701,2016-05-29,299,39,21,359,1492.01,292.11,170.52,1954.64
3877,3701,2016-06-27,282,2,33,317,1407.18,14.98,267.96,1690.12
3878,3701,2016-07-27,318,22,11,351,1586.82,164.78,89.32,1840.92
3879,3701,2016-08-26,299,0,22,321,1492.01,0,178.64,1670.65
3880,3701,2016-09-25,289,38,25,352,1442.11,284.62,203,1929.73
3881,3701,2016-10-25,294,27,0,321,1467.06,202.23,0,1669.29
3882,3701,2016-11-24,269,0,30,299,1342.31,0,243.6,1585.91
3883,3701,2016-12-24,302,67,12,381,1506.98,501.83,97.44,2106.25
3884,3711,2016-11-14,291,28,22,341,1452.09,209.72,178.64,1840.45
3885,3711,2016-12-14,297,23,25,345,1482.03,172.27,203,1857.3
3886,3721,2014-12-06,490,47,4,541,2445.1,352.03,32.48,2829.61
3887,3721,2015-01-04,495,7,20,522,2470.05,52.43,162.4,2684.88
3888,3721,2015-02-03,496,36,3,535,2475.04,269.64,24.36,2769.04
3889,3721,2015-03-04,548,4,28,580,2734.52,29.96,227.36,2991.84
3890,3721,2015-04-03,510,2,51,563,2544.9,14.98,414.12,2974
3891,3721,2015-05-02,312,45,21,378,1556.88,337.05,170.52,2064.45
3892,3721,2015-05-31,457,12,5,474,2280.43,89.88,40.6,2410.91
3893,3721,2015-06-29,480,9,8,497,2395.2,67.41,64.96,2527.57
3894,3721,2015-07-28,458,36,12,506,2285.42,269.64,97.44,2652.5
3895,3721,2015-08-27,515,0,10,525,2569.85,0,81.2,2651.05
3896,3721,2015-09-25,500,7,20,527,2495,52.43,162.4,2709.83
3897,3721,2015-10-24,501,76,22,599,2499.99,569.24,178.64,3247.87
3898,3721,2015-11-22,487,15,2,504,2430.13,112.35,16.24,2558.72
3899,3721,2015-12-22,551,45,0,596,2749.49,337.05,0,3086.54
3900,3721,2016-01-20,537,11,7,555,2679.63,82.39,56.84,2818.86
3901,3721,2016-02-19,496,83,0,579,2475.04,621.67,0,3096.71
3902,3721,2016-03-20,484,0,30,514,2415.16,0,243.6,2658.76
3903,3721,2016-04-19,452,17,12,481,2255.48,127.33,97.44,2480.25
3904,3721,2016-05-19,569,0,22,591,2839.31,0,178.64,3017.95
3905,3721,2016-06-18,504,0,0,504,2514.96,0,0,2514.96
3906,3721,2016-07-18,246,19,0,265,1227.54,142.31,0,1369.85
3907,3721,2016-08-17,504,54,137,695,2514.96,404.46,1112.44,4031.86
3908,3721,2016-09-16,480,0,30,510,2395.2,0,243.6,2638.8
3909,3721,2016-10-16,463,13,3,479,2310.37,97.37,24.36,2432.1
3910,3721,2016-11-14,435,16,11,462,2170.65,119.84,89.32,2379.81
3911,3721,2016-12-14,516,25,0,541,2574.84,187.25,0,2762.09
3912,3731,2014-12-05,97,0,0,97,484.03,0,0,484.03
3913,3731,2015-01-03,118,29,33,180,588.82,217.21,267.96,1073.99
3914,3731,2015-02-01,79,42,76,197,394.21,314.58,617.12,1325.91
3915,3731,2015-03-03,107,0,788,895,533.93,0,6398.56,6932.49
3916,3741,2014-12-06,163,27,28,218,813.37,202.23,227.36,1242.96
3917,3741,2015-01-05,91,23,978,1092,454.09,172.27,7941.36,8567.72
3918,3741,2015-02-04,119,30,635,784,593.81,224.7,5156.2,5974.71
3919,3741,2015-03-06,118,35,49,202,588.82,262.15,397.88,1248.85
3920,3741,2015-04-05,129,24,35,188,643.71,179.76,284.2,1107.67
3921,3741,2015-06-03,106,29,35,170,528.94,217.21,284.2,1030.35
3922,3741,2015-07-03,99,24,16,139,494.01,179.76,129.92,803.69
3923,3741,2015-08-01,103,21,38,162,513.97,157.29,308.56,979.82
3924,3741,2015-08-31,120,252,223,595,598.8,1887.48,1810.76,4297.04
3925,3741,2015-09-30,66,22,26,114,329.34,164.78,211.12,705.24
3926,3741,2015-10-30,90,28,0,118,449.1,209.72,0,658.82
3927,3741,2015-11-28,2,25,27,54,9.98,187.25,219.24,416.47
3928,3741,2015-12-27,107,34,56,197,533.93,254.66,454.72,1243.31
3929,3741,2016-01-26,87,24,40,151,434.13,179.76,324.8,938.69
3930,3741,2016-02-24,84,50,25,159,419.16,374.5,203,996.66
3931,3741,2016-03-24,89,1,218,308,444.11,7.49,1770.16,2221.76
3932,3741,2016-04-22,99,0,23,122,494.01,0,186.76,680.77
3933,3741,2016-05-21,101,34,22,157,503.99,254.66,178.64,937.29
3934,3741,2016-06-20,110,29,44,183,548.9,217.21,357.28,1123.39
3935,3741,2016-07-19,97,10,47,154,484.03,74.9,381.64,940.57
3936,3741,2016-08-17,0,28,21,49,0,209.72,170.52,380.24
3937,3741,2016-09-15,101,18,25,144,503.99,134.82,203,841.81
3938,3741,2016-10-14,92,16,194,302,459.08,119.84,1575.28,2154.2
3939,3741,2016-11-12,94,29,51,174,469.06,217.21,414.12,1100.39
3940,3751,2014-12-20,309,28,3,340,1541.91,209.72,24.36,1775.99
3941,3751,2015-01-18,305,44,25,374,1521.95,329.56,203,2054.51
3942,3751,2015-02-16,302,155,0,457,1506.98,1160.95,0,2667.93
3943,3751,2015-03-18,277,52,11,340,1382.23,389.48,89.32,1861.03
3944,3751,2015-04-17,299,0,62,361,1492.01,0,503.44,1995.45
3945,3751,2015-05-17,323,18,37,378,1611.77,134.82,300.44,2047.03
3946,3751,2015-06-15,263,29,7,299,1312.37,217.21,56.84,1586.42
3947,3751,2015-07-15,306,75,14,395,1526.94,561.75,113.68,2202.37
3948,3751,2015-08-13,284,29,0,313,1417.16,217.21,0,1634.37
3949,3751,2015-09-12,298,55,0,353,1487.02,411.95,0,1898.97
3950,3751,2015-10-11,291,22,6,319,1452.09,164.78,48.72,1665.59
3951,3751,2015-11-09,313,18,16,347,1561.87,134.82,129.92,1826.61
3952,3751,2015-12-09,311,22,70,403,1551.89,164.78,568.4,2285.07
3953,3751,2016-01-08,299,26,0,325,1492.01,194.74,0,1686.75
3954,3751,2016-02-06,294,36,18,348,1467.06,269.64,146.16,1882.86
3955,3751,2016-03-06,267,26,33,326,1332.33,194.74,267.96,1795.03
3956,3751,2016-04-05,278,0,15,293,1387.22,0,121.8,1509.02
3957,3751,2016-05-04,287,54,24,365,1432.13,404.46,194.88,2031.47
3958,3751,2016-06-03,340,30,18,388,1696.6,224.7,146.16,2067.46
3959,3751,2016-07-03,302,82,7,391,1506.98,614.18,56.84,2178
3960,3751,2016-08-01,300,46,23,369,1497,344.54,186.76,2028.3
3961,3751,2016-08-30,360,23,16,399,1796.4,172.27,129.92,2098.59
3962,3751,2016-09-29,311,18,17,346,1551.89,134.82,138.04,1824.75
3963,3751,2016-10-29,300,27,12,339,1497,202.23,97.44,1796.67
3964,3751,2016-11-28,299,45,13,357,1492.01,337.05,105.56,1934.62
3965,3761,2014-12-04,545,19,0,564,2719.55,142.31,0,2861.86
3966,3761,2015-01-02,517,23,29,569,2579.83,172.27,235.48,2987.58
3967,3761,2015-02-01,499,14,24,537,2490.01,104.86,194.88,2789.75
3968,3761,2015-03-03,548,59,0,607,2734.52,441.91,0,3176.43
3969,3761,2015-04-02,515,24,0,539,2569.85,179.76,0,2749.61
3970,3761,2015-05-01,503,419,0,922,2509.97,3138.31,0,5648.28
3971,3761,2015-05-30,479,16,0,495,2390.21,119.84,0,2510.05
3972,3761,2015-06-29,512,49,8,569,2554.88,367.01,64.96,2986.85
3973,3761,2015-07-28,562,17,1033,1612,2804.38,127.33,8387.96,11319.67
3974,3761,2015-08-26,507,45,0,552,2529.93,337.05,0,2866.98
3975,3761,2015-09-25,510,16,10,536,2544.9,119.84,81.2,2745.94
3976,3761,2015-10-25,486,10,0,496,2425.14,74.9,0,2500.04
3977,3761,2015-11-24,491,0,34,525,2450.09,0,276.08,2726.17
3978,3761,2015-12-23,496,0,3,499,2475.04,0,24.36,2499.4
3979,3761,2016-01-22,0,12,8,20,0,89.88,64.96,154.84
3980,3761,2016-02-20,511,0,0,511,2549.89,0,0,2549.89
3981,3761,2016-03-21,403,23,410,836,2010.97,172.27,3329.2,5512.44
3982,3761,2016-04-19,503,19,4,526,2509.97,142.31,32.48,2684.76
3983,3761,2016-05-19,475,24,20,519,2370.25,179.76,162.4,2712.41
3984,3761,2016-06-17,471,13,15,499,2350.29,97.37,121.8,2569.46
3985,3761,2016-07-17,509,9,14,532,2539.91,67.41,113.68,2721
3986,3761,2016-08-16,489,0,8,497,2440.11,0,64.96,2505.07
3987,3761,2016-09-15,573,39,11,623,2859.27,292.11,89.32,3240.7
3988,3761,2016-10-14,482,6,14,502,2405.18,44.94,113.68,2563.8
3989,3761,2016-11-12,492,10,0,502,2455.08,74.9,0,2529.98
3990,3761,2016-12-11,478,6,4,488,2385.22,44.94,32.48,2462.64
3991,3771,2015-01-01,401,23,0,424,2000.99,172.27,0,2173.26
3992,3771,2015-01-30,496,16,0,512,2475.04,119.84,0,2594.88
3993,3771,2015-02-28,517,7,11,535,2579.83,52.43,89.32,2721.58
3994,3771,2015-03-29,491,6,1,498,2450.09,44.94,8.12,2503.15
3995,3771,2015-04-28,517,0,12,529,2579.83,0,97.44,2677.27
3996,3771,2015-05-28,514,4,6,524,2564.86,29.96,48.72,2643.54
3997,3771,2015-06-27,483,12,0,495,2410.17,89.88,0,2500.05
3998,3771,2015-07-27,488,35,14,537,2435.12,262.15,113.68,2810.95
3999,3771,2015-08-25,499,17,23,539,2490.01,127.33,186.76,2804.1
4000,3771,2015-09-23,450,0,15,465,2245.5,0,121.8,2367.3
4001,3771,2015-10-22,513,3,0,516,2559.87,22.47,0,2582.34
4002,3771,2015-11-21,505,1,28,534,2519.95,7.49,227.36,2754.8
4003,3771,2015-12-20,496,10,0,506,2475.04,74.9,0,2549.94
4004,3771,2016-01-18,482,28,7,517,2405.18,209.72,56.84,2671.74
4005,3771,2016-02-17,506,0,37,543,2524.94,0,300.44,2825.38
4006,3771,2016-03-17,500,4,13,517,2495,29.96,105.56,2630.52
4007,3771,2016-04-15,520,0,13,533,2594.8,0,105.56,2700.36
4008,3771,2016-05-14,584,4,6,594,2914.16,29.96,48.72,2992.84
4009,3771,2016-06-13,506,0,27,533,2524.94,0,219.24,2744.18
4010,3771,2016-07-13,502,0,0,502,2504.98,0,0,2504.98
4011,3771,2016-08-12,468,0,6,474,2335.32,0,48.72,2384.04
4012,3771,2016-09-11,507,58,9,574,2529.93,434.42,73.08,3037.43
4013,3771,2016-10-10,498,11,1,510,2485.02,82.39,8.12,2575.53
4014,3771,2016-11-08,716,0,21,737,3572.84,0,170.52,3743.36
4015,3771,2016-12-07,461,11,14,486,2300.39,82.39,113.68,2496.46
4016,3781,2016-07-30,300,39,0,339,1497,292.11,0,1789.11
4017,3781,2016-08-29,294,22,23,339,1467.06,164.78,186.76,1818.6
4018,3781,2016-09-27,329,28,23,380,1641.71,209.72,186.76,2038.19
4019,3781,2016-10-26,297,27,0,324,1482.03,202.23,0,1684.26
4020,3781,2016-11-25,306,0,44,350,1526.94,0,357.28,1884.22
4021,3781,2016-12-24,300,15,0,315,1497,112.35,0,1609.35
4022,3791,2015-03-18,352,0,15,367,1756.48,0,121.8,1878.28
4023,3791,2015-04-17,182,17,39,238,908.18,127.33,316.68,1352.19
4024,3791,2015-05-16,287,49,25,361,1432.13,367.01,203,2002.14
4025,3791,2015-06-14,306,30,28,364,1526.94,224.7,227.36,1979
4026,3791,2015-07-13,302,0,0,302,1506.98,0,0,1506.98
4027,3791,2015-08-12,291,16,17,324,1452.09,119.84,138.04,1709.97
4028,3791,2015-09-10,267,20,22,309,1332.33,149.8,178.64,1660.77
4029,3791,2015-10-10,313,31,32,376,1561.87,232.19,259.84,2053.9
4030,3791,2015-11-09,309,129,0,438,1541.91,966.21,0,2508.12
4031,3791,2015-12-09,299,3,49,351,1492.01,22.47,397.88,1912.36
4032,3791,2016-01-07,290,4,32,326,1447.1,29.96,259.84,1736.9
4033,3791,2016-02-05,47145,4,19,47168,235253.55,29.96,154.28,235437.79
4034,3791,2016-03-06,311,22,18,351,1551.89,164.78,146.16,1862.83
4035,3791,2016-04-04,312,26,12,350,1556.88,194.74,97.44,1849.06
4036,3791,2016-05-04,265,37,20,322,1322.35,277.13,162.4,1761.88
4037,3791,2016-06-03,301,50,0,351,1501.99,374.5,0,1876.49
4038,3791,2016-07-02,255,47,13,315,1272.45,352.03,105.56,1730.04
4039,3791,2016-07-31,316,42,0,358,1576.84,314.58,0,1891.42
4040,3791,2016-08-30,289,0,11,300,1442.11,0,89.32,1531.43
4041,3791,2016-09-29,309,32,12,353,1541.91,239.68,97.44,1879.03
4042,3791,2016-10-28,282,20,33,335,1407.18,149.8,267.96,1824.94
4043,3791,2016-11-26,281,62,10,353,1402.19,464.38,81.2,1947.77
4044,3791,2016-12-25,277,58,0,335,1382.23,434.42,0,1816.65
4045,3801,2014-12-04,99,37,0,136,494.01,277.13,0,771.14
4046,3801,2015-01-02,0,30,27,57,0,224.7,219.24,443.94
4047,3801,2015-01-31,131,3,33,167,653.69,22.47,267.96,944.12
4048,3801,2015-03-02,60,21,238,319,299.4,157.29,1932.56,2389.25
4049,3801,2015-03-31,302,17,28,347,1506.98,127.33,227.36,1861.67
4050,3801,2015-04-29,95,31,33,159,474.05,232.19,267.96,974.2
4051,3801,2015-05-28,0,97,10,107,0,726.53,81.2,807.73
4052,3801,2015-06-27,100,22,35,157,499,164.78,284.2,947.98
4053,3801,2015-07-27,157,23,40,220,783.43,172.27,324.8,1280.5
4054,3801,2015-08-25,88,25,45,158,439.12,187.25,365.4,991.77
4055,3801,2015-09-24,104,12,38,154,518.96,89.88,308.56,917.4
4056,3801,2015-10-24,108,19,57,184,538.92,142.31,462.84,1144.07
4057,3801,2015-11-23,93,38,11,142,464.07,284.62,89.32,838.01
4058,3801,2015-12-23,98,28,23,149,489.02,209.72,186.76,885.5
4059,3801,2016-01-22,107,17,0,124,533.93,127.33,0,661.26
4060,3801,2016-02-20,98,43,29,170,489.02,322.07,235.48,1046.57
4061,3801,2016-03-20,93,36,17,146,464.07,269.64,138.04,871.75
4062,3801,2016-04-19,123,0,1,124,613.77,0,8.12,621.89
4063,3801,2016-05-18,98,45,26,169,489.02,337.05,211.12,1037.19
4064,3801,2016-06-16,93,5,36,134,464.07,37.45,292.32,793.84
4065,3811,2014-12-25,312,19,15,346,1556.88,142.31,121.8,1820.99
4066,3811,2015-01-24,275,21,10,306,1372.25,157.29,81.2,1610.74
4067,3811,2015-02-23,296,35,33,364,1477.04,262.15,267.96,2007.15
4068,3811,2015-03-24,296,33,28,357,1477.04,247.17,227.36,1951.57
4069,3811,2015-04-22,359,38,12,409,1791.41,284.62,97.44,2173.47
4070,3811,2015-05-22,225,37,25,287,1122.75,277.13,203,1602.88
4071,3811,2015-06-20,386,25,24,435,1926.14,187.25,194.88,2308.27
4072,3811,2015-07-19,269,38,196,503,1342.31,284.62,1591.52,3218.45
4073,3811,2015-08-18,309,0,38,347,1541.91,0,308.56,1850.47
4074,3811,2015-09-17,310,22,0,332,1546.9,164.78,0,1711.68
4075,3811,2015-10-16,1132,22,18,1172,5648.68,164.78,146.16,5959.62
4076,3811,2015-11-14,262,33,16,311,1307.38,247.17,129.92,1684.47
4077,3811,2015-12-13,280,43,15,338,1397.2,322.07,121.8,1841.07
4078,3811,2016-01-12,295,24,0,319,1472.05,179.76,0,1651.81
4079,3811,2016-02-10,309,45,47,401,1541.91,337.05,381.64,2260.6
4080,3811,2016-03-11,295,0,35,330,1472.05,0,284.2,1756.25
4081,3811,2016-04-10,332,0,6,338,1656.68,0,48.72,1705.4
4082,3811,2016-05-10,305,42,34,381,1521.95,314.58,276.08,2112.61
4083,3811,2016-06-08,291,3,17,311,1452.09,22.47,138.04,1612.6
4084,3811,2016-07-07,4529,22,26,4577,22599.71,164.78,211.12,22975.61
4085,3811,2016-08-06,316,48,0,364,1576.84,359.52,0,1936.36
4086,3811,2016-09-04,331,46,18,395,1651.69,344.54,146.16,2142.39
4087,3811,2016-10-03,554,46,57,657,2764.46,344.54,462.84,3571.84
4088,3811,2016-11-01,332,57,93,482,1656.68,426.93,755.16,2838.77
4089,3811,2016-12-01,289,37,21,347,1442.11,277.13,170.52,1889.76
4090,3811,2016-12-30,251,39,16,306,1252.49,292.11,129.92,1674.52
4091,3821,2014-12-17,514,4,0,518,2564.86,29.96,0,2594.82
4092,3821,2015-01-16,512,10,6,528,2554.88,74.9,48.72,2678.5
4093,3821,2015-02-14,526,13,5,544,2624.74,97.37,40.6,2762.71
4094,3821,2015-03-15,517,21,29,567,2579.83,157.29,235.48,2972.6
4095,3821,2015-04-13,496,3,0,499,2475.04,22.47,0,2497.51
4096,3821,2015-05-12,509,12,15,536,2539.91,89.88,121.8,2751.59
4097,3821,2015-06-11,475,74,12,561,2370.25,554.26,97.44,3021.95
4098,3821,2015-07-10,490,0,56,546,2445.1,0,454.72,2899.82
4099,3821,2015-08-08,434,17,9,460,2165.66,127.33,73.08,2366.07
4100,3821,2015-09-07,514,28,15,557,2564.86,209.72,121.8,2896.38
4101,3821,2015-10-06,488,7,17,512,2435.12,52.43,138.04,2625.59
4102,3821,2015-11-05,505,6,18,529,2519.95,44.94,146.16,2711.05
4103,3821,2015-12-05,530,48,9,587,2644.7,359.52,73.08,3077.3
4104,3821,2016-01-03,495,1,0,496,2470.05,7.49,0,2477.54
4105,3821,2016-02-02,493,21,1,515,2460.07,157.29,8.12,2625.48
4106,3821,2016-03-03,507,27,17,551,2529.93,202.23,138.04,2870.2
4107,3821,2016-04-02,508,783,8,1299,2534.92,5864.67,64.96,8464.55
4108,3821,2016-05-01,501,17,40,558,2499.99,127.33,324.8,2952.12
4109,3821,2016-05-31,461,8,8,477,2300.39,59.92,64.96,2425.27
4110,3821,2016-06-29,495,0,25,520,2470.05,0,203,2673.05
4111,3821,2016-07-28,495,0,26,521,2470.05,0,211.12,2681.17
4112,3821,2016-08-27,512,0,80,592,2554.88,0,649.6,3204.48
4113,3821,2016-09-26,493,0,0,493,2460.07,0,0,2460.07
4114,3821,2016-10-26,507,12,0,519,2529.93,89.88,0,2619.81
4115,3821,2016-11-24,497,283,14,794,2480.03,2119.67,113.68,4713.38
4116,3821,2016-12-24,506,2,5,513,2524.94,14.98,40.6,2580.52
4117,3831,2014-12-03,485,0,7,492,2420.15,0,56.84,2476.99
4118,3831,2015-01-02,494,2,10,506,2465.06,14.98,81.2,2561.24
4119,3831,2015-02-01,430,0,7,437,2145.7,0,56.84,2202.54
4120,3831,2015-03-02,504,1,0,505,2514.96,7.49,0,2522.45
4121,3831,2015-04-01,349,0,9,358,1741.51,0,73.08,1814.59
4122,3831,2015-05-01,497,32,1,530,2480.03,239.68,8.12,2727.83
4123,3831,2015-05-30,499,10,8,517,2490.01,74.9,64.96,2629.87
4124,3831,2015-06-29,500,0,7,507,2495,0,56.84,2551.84
4125,3831,2015-07-29,522,12,0,534,2604.78,89.88,0,2694.66
4126,3831,2015-08-28,498,14,1,513,2485.02,104.86,8.12,2598
4127,3831,2015-09-27,506,15,0,521,2524.94,112.35,0,2637.29
4128,3831,2015-10-26,482,0,0,482,2405.18,0,0,2405.18
4129,3831,2015-11-25,523,10,0,533,2609.77,74.9,0,2684.67
4130,3831,2015-12-25,525,225,9,759,2619.75,1685.25,73.08,4378.08
4131,3831,2016-01-24,531,5,12,548,2649.69,37.45,97.44,2784.58
4132,3831,2016-02-22,506,0,0,506,2524.94,0,0,2524.94
4133,3831,2016-03-22,495,0,16,511,2470.05,0,129.92,2599.97
4134,3831,2016-04-21,498,0,5,503,2485.02,0,40.6,2525.62
4135,3831,2016-05-21,504,1,11,516,2514.96,7.49,89.32,2611.77
4136,3831,2016-06-20,496,17,1,514,2475.04,127.33,8.12,2610.49
4137,3831,2016-07-20,507,0,9,516,2529.93,0,73.08,2603.01
4138,3831,2016-08-18,594,26,18,638,2964.06,194.74,146.16,3304.96
4139,3831,2016-09-16,475,0,3,478,2370.25,0,24.36,2394.61
4140,3831,2016-10-15,453,0,9,462,2260.47,0,73.08,2333.55
4141,3831,2016-11-14,493,0,20,513,2460.07,0,162.4,2622.47
4142,3831,2016-12-14,521,2,15,538,2599.79,14.98,121.8,2736.57
4143,3841,2014-12-22,289,34,14,337,1442.11,254.66,113.68,1810.45
4144,3841,2015-01-21,306,26,0,332,1526.94,194.74,0,1721.68
4145,3841,2015-02-20,281,75,36,392,1402.19,561.75,292.32,2256.26
4146,3841,2015-03-21,313,24,15,352,1561.87,179.76,121.8,1863.43
4147,3841,2015-04-20,169,15,18,202,843.31,112.35,146.16,1101.82
4148,3841,2015-05-19,306,31,105,442,1526.94,232.19,852.6,2611.73
4149,3841,2015-06-17,300,127,22,449,1497,951.23,178.64,2626.87
4150,3841,2015-07-16,314,33,32,379,1566.86,247.17,259.84,2073.87
4151,3841,2015-08-15,289,5,0,294,1442.11,37.45,0,1479.56
4152,3841,2015-09-13,270,59,25,354,1347.3,441.91,203,1992.21
4153,3841,2015-10-13,292,5,19,316,1457.08,37.45,154.28,1648.81
4154,3841,2015-11-12,304,27,0,331,1516.96,202.23,0,1719.19
4155,3841,2015-12-11,148,35,6,189,738.52,262.15,48.72,1049.39
4156,3841,2016-01-09,300,12,19,331,1497,89.88,154.28,1741.16
4157,3841,2016-02-07,315,60,20,395,1571.85,449.4,162.4,2183.65
4158,3841,2016-03-08,294,19,59,372,1467.06,142.31,479.08,2088.45
4159,3841,2016-04-07,306,0,16,322,1526.94,0,129.92,1656.86
4160,3841,2016-05-06,300,30,35,365,1497,224.7,284.2,2005.9
4161,3841,2016-06-05,285,29,18,332,1422.15,217.21,146.16,1785.52
4162,3841,2016-07-04,325,2,25,352,1621.75,14.98,203,1839.73
4163,3841,2016-08-03,402,47,4,453,2005.98,352.03,32.48,2390.49
4164,3841,2016-09-02,122,2,388,512,608.78,14.98,3150.56,3774.32
4165,3841,2016-10-01,2512,28,21,2561,12534.88,209.72,170.52,12915.12
4166,3841,2016-10-31,303,77,34,414,1511.97,576.73,276.08,2364.78
4167,3841,2016-11-29,301,36,13,350,1501.99,269.64,105.56,1877.19
4168,3841,2016-12-28,329,35,49,413,1641.71,262.15,397.88,2301.74
4169,3851,2014-12-05,323,30,0,353,1611.77,224.7,0,1836.47
4170,3851,2015-01-04,317,0,0,317,1581.83,0,0,1581.83
4171,3851,2015-02-03,574,31,29,634,2864.26,232.19,235.48,3331.93
4172,3851,2015-03-04,299,9,21,329,1492.01,67.41,170.52,1729.94
4173,3851,2015-04-03,296,343,18,657,1477.04,2569.07,146.16,4192.27
4174,3851,2015-05-03,291,22,25,338,1452.09,164.78,203,1819.87
4175,3851,2015-06-01,301,0,10,311,1501.99,0,81.2,1583.19
4176,3851,2015-06-30,292,31,17,340,1457.08,232.19,138.04,1827.31
4177,3851,2015-07-30,288,36,0,324,1437.12,269.64,0,1706.76
4178,3851,2015-08-29,287,20,28,335,1432.13,149.8,227.36,1809.29
4179,3851,2015-09-27,302,38,169,509,1506.98,284.62,1372.28,3163.88
4180,3851,2015-10-27,326,30,69,425,1626.74,224.7,560.28,2411.72
4181,3851,2015-11-26,291,151,0,442,1452.09,1130.99,0,2583.08
4182,3851,2015-12-26,313,22,17,352,1561.87,164.78,138.04,1864.69
4183,3851,2016-01-24,299,13,43,355,1492.01,97.37,349.16,1938.54
4184,3851,2016-02-22,306,36,0,342,1526.94,269.64,0,1796.58
4185,3851,2016-03-23,208,37,26,271,1037.92,277.13,211.12,1526.17
4186,3851,2016-04-22,289,19,0,308,1442.11,142.31,0,1584.42
4187,3851,2016-05-22,293,33,17,343,1462.07,247.17,138.04,1847.28
4188,3851,2016-06-20,317,34,17,368,1581.83,254.66,138.04,1974.53
4189,3851,2016-07-20,305,35,0,340,1521.95,262.15,0,1784.1
4190,3851,2016-08-18,310,36,38,384,1546.9,269.64,308.56,2125.1
4191,3851,2016-09-16,226,27,23,276,1127.74,202.23,186.76,1516.73
4192,3851,2016-10-15,296,38,0,334,1477.04,284.62,0,1761.66
4193,3851,2016-11-14,290,24,6,320,1447.1,179.76,48.72,1675.58
4194,3851,2016-12-14,303,50,31,384,1511.97,374.5,251.72,2138.19
4195,3861,2014-12-06,351,0,26,377,1751.49,0,211.12,1962.61
4196,3861,2015-01-04,473,0,40,513,2360.27,0,324.8,2685.07
4197,3861,2015-02-02,498,6,14,518,2485.02,44.94,113.68,2643.64
4198,3861,2015-03-04,501,0,11,512,2499.99,0,89.32,2589.31
4199,3861,2015-04-02,468,18,1,487,2335.32,134.82,8.12,2478.26
4200,3861,2015-05-02,524,49,30,603,2614.76,367.01,243.6,3225.37
4201,3861,2015-06-01,553,13,20,586,2759.47,97.37,162.4,3019.24
4202,3861,2015-06-30,546,0,8,554,2724.54,0,64.96,2789.5
4203,3861,2015-07-29,487,4,0,491,2430.13,29.96,0,2460.09
4204,3861,2015-08-28,503,4,0,507,2509.97,29.96,0,2539.93
4205,3861,2015-09-27,505,14,58,577,2519.95,104.86,470.96,3095.77
4206,3861,2015-10-26,472,7,16,495,2355.28,52.43,129.92,2537.63
4207,3861,2015-11-24,502,0,0,502,2504.98,0,0,2504.98
4208,3861,2015-12-24,493,11,0,504,2460.07,82.39,0,2542.46
4209,3861,2016-01-22,512,0,3,515,2554.88,0,24.36,2579.24
4210,3861,2016-02-20,502,0,8,510,2504.98,0,64.96,2569.94
4211,3861,2016-03-20,524,38,30,592,2614.76,284.62,243.6,3142.98
4212,3861,2016-04-18,516,9,30,555,2574.84,67.41,243.6,2885.85
4213,3861,2016-05-17,497,2,8,507,2480.03,14.98,64.96,2559.97
4214,3861,2016-06-15,488,0,47,535,2435.12,0,381.64,2816.76
4215,3861,2016-07-14,494,8,7,509,2465.06,59.92,56.84,2581.82
4216,3861,2016-08-12,506,15,0,521,2524.94,112.35,0,2637.29
4217,3861,2016-09-11,542,11,5,558,2704.58,82.39,40.6,2827.57
4218,3861,2016-10-10,763,0,69,832,3807.37,0,560.28,4367.65
4219,3861,2016-11-08,534,24,0,558,2664.66,179.76,0,2844.42
4220,3861,2016-12-07,455,0,0,455,2270.45,0,0,2270.45
4221,3871,2014-12-18,493,0,16,509,2460.07,0,129.92,2589.99
4222,3871,2015-01-17,496,0,67,563,2475.04,0,544.04,3019.08
4223,3871,2015-02-16,539,11,0,550,2689.61,82.39,0,2772
4224,3871,2015-03-17,463,19,0,482,2310.37,142.31,0,2452.68
4225,3871,2015-04-15,450,7,0,457,2245.5,52.43,0,2297.93
4226,3871,2015-05-14,505,0,11,516,2519.95,0,89.32,2609.27
4227,3871,2015-06-13,412,2,15,429,2055.88,14.98,121.8,2192.66
4228,3871,2015-07-12,493,11,19,523,2460.07,82.39,154.28,2696.74
4229,3871,2015-08-11,489,36,41,566,2440.11,269.64,332.92,3042.67
4230,3871,2015-09-09,460,32,3,495,2295.4,239.68,24.36,2559.44
4231,3871,2015-10-08,578,0,4,582,2884.22,0,32.48,2916.7
4232,3871,2015-11-06,504,51,18,573,2514.96,381.99,146.16,3043.11
4233,3871,2015-12-05,496,15,9,520,2475.04,112.35,73.08,2660.47
4234,3871,2016-01-04,603,19,38,660,3008.97,142.31,308.56,3459.84
4235,3871,2016-02-03,497,0,9,506,2480.03,0,73.08,2553.11
4236,3871,2016-03-03,492,16,26,534,2455.08,119.84,211.12,2786.04
4237,3871,2016-04-02,498,26,30,554,2485.02,194.74,243.6,2923.36
4238,3871,2016-05-01,491,0,21,512,2450.09,0,170.52,2620.61
4239,3871,2016-05-31,476,0,3,479,2375.24,0,24.36,2399.6
4240,3871,2016-06-29,476,0,17,493,2375.24,0,138.04,2513.28
4241,3871,2016-07-29,465,23,0,488,2320.35,172.27,0,2492.62
4242,3871,2016-08-28,471,18,19,508,2350.29,134.82,154.28,2639.39
4243,3871,2016-09-26,507,13,13,533,2529.93,97.37,105.56,2732.86
4244,3871,2016-10-25,506,7,7,520,2524.94,52.43,56.84,2634.21
4245,3871,2016-11-24,493,103,16,612,2460.07,771.47,129.92,3361.46
4246,3871,2016-12-23,493,0,3,496,2460.07,0,24.36,2484.43
4247,3881,2014-12-11,294,61,0,355,1467.06,456.89,0,1923.95
4248,3881,2015-01-10,328,28,11,367,1636.72,209.72,89.32,1935.76
4249,3881,2015-02-09,253,35,32,320,1262.47,262.15,259.84,1784.46
4250,3881,2015-03-10,305,0,21,326,1521.95,0,170.52,1692.47
4251,3881,2015-04-09,287,42,0,329,1432.13,314.58,0,1746.71
4252,3881,2015-05-09,309,24,23,356,1541.91,179.76,186.76,1908.43
4253,3891,2015-10-20,297,25,20,342,1482.03,187.25,162.4,1831.68
4254,3891,2015-11-18,298,16,14,328,1487.02,119.84,113.68,1720.54
4255,3891,2015-12-17,292,12,0,304,1457.08,89.88,0,1546.96
4256,3891,2016-01-15,294,47,14,355,1467.06,352.03,113.68,1932.77
4257,3891,2016-02-14,317,33,0,350,1581.83,247.17,0,1829
4258,3891,2016-03-15,282,102,19,403,1407.18,763.98,154.28,2325.44
4259,3891,2016-04-14,298,0,0,298,1487.02,0,0,1487.02
4260,3891,2016-05-13,295,27,30,352,1472.05,202.23,243.6,1917.88
4261,3891,2016-06-12,298,31,13,342,1487.02,232.19,105.56,1824.77
4262,3891,2016-07-11,293,24,22,339,1462.07,179.76,178.64,1820.47
4263,3891,2016-08-10,316,20,17,353,1576.84,149.8,138.04,1864.68
4264,3891,2016-09-08,309,27,12,348,1541.91,202.23,97.44,1841.58
4265,3891,2016-10-08,297,211,1,509,1482.03,1580.39,8.12,3070.54
4266,3891,2016-11-07,300,57,0,357,1497,426.93,0,1923.93
4267,3891,2016-12-06,309,34,16,359,1541.91,254.66,129.92,1926.49
4268,3901,2016-06-16,340,31,20,391,1696.6,232.19,162.4,2091.19
4269,3901,2016-07-16,268,77,16,361,1337.32,576.73,129.92,2043.97
4270,3901,2016-08-14,673,27,20,720,3358.27,202.23,162.4,3722.9
4271,3901,2016-09-13,293,55,31,379,1462.07,411.95,251.72,2125.74
4272,3901,2016-10-12,351,32,15,398,1751.49,239.68,121.8,2112.97
4273,3901,2016-11-10,304,41,0,345,1516.96,307.09,0,1824.05
4274,3901,2016-12-10,295,49,16,360,1472.05,367.01,129.92,1968.98
4275,3911,2014-12-23,403,17,18,438,2010.97,127.33,146.16,2284.46
4276,3911,2015-01-22,298,33,0,331,1487.02,247.17,0,1734.19
4277,3911,2015-02-21,305,13,29,347,1521.95,97.37,235.48,1854.8
4278,3921,2014-12-15,166,281,0,447,828.34,2104.69,0,2933.03
4279,3921,2015-01-14,162,19,122,303,808.38,142.31,990.64,1941.33
4280,3921,2015-02-12,138,4,0,142,688.62,29.96,0,718.58
4281,3921,2015-03-13,111,13,9,133,553.89,97.37,73.08,724.34
4282,3921,2015-04-12,159,0,13,172,793.41,0,105.56,898.97
4283,3921,2015-05-12,154,0,15,169,768.46,0,121.8,890.26
4284,3921,2015-06-11,141,0,0,141,703.59,0,0,703.59
4285,3921,2015-08-09,156,3,21,180,778.44,22.47,170.52,971.43
4286,3921,2015-09-08,144,21,19,184,718.56,157.29,154.28,1030.13
4287,3921,2015-10-08,154,17,0,171,768.46,127.33,0,895.79
4288,3921,2015-11-06,125,8,36,169,623.75,59.92,292.32,975.99
4289,3921,2015-12-06,151,33,6,190,753.49,247.17,48.72,1049.38
4290,3921,2016-01-05,124,4,21,149,618.76,29.96,170.52,819.24
4291,3921,2016-02-04,167,0,2,169,833.33,0,16.24,849.57
4292,3921,2016-03-04,146,9,0,155,728.54,67.41,0,795.95
4293,3921,2016-04-03,299,0,6,305,1492.01,0,48.72,1540.73
4294,3921,2016-05-02,159,0,0,159,793.41,0,0,793.41
4295,3921,2016-06-01,203,0,0,203,1012.97,0,0,1012.97
4296,3921,2016-07-01,151,40,255,446,753.49,299.6,2070.6,3123.69
4297,3931,2014-12-05,89,29,24,142,444.11,217.21,194.88,856.2
4298,3931,2015-01-04,51,12,32,95,254.49,89.88,259.84,604.21
4299,3931,2015-02-03,94,46,6,146,469.06,344.54,48.72,862.32
4300,3931,2015-03-04,91,21,17,129,454.09,157.29,138.04,749.42
4301,3931,2015-04-03,93,25,22,140,464.07,187.25,178.64,829.96
4302,3931,2015-05-02,117,158,18,293,583.83,1183.42,146.16,1913.41
4303,3931,2015-05-31,108,0,25,133,538.92,0,203,741.92
4304,3931,2015-06-30,66,58,34,158,329.34,434.42,276.08,1039.84
4305,3931,2015-08-29,108,53,31,192,538.92,396.97,251.72,1187.61
4306,3931,2015-09-28,108,34,25,167,538.92,254.66,203,996.58
4307,3931,2015-10-28,71,35,49,155,354.29,262.15,397.88,1014.32
4308,3931,2015-11-26,94,32,19,145,469.06,239.68,154.28,863.02
4309,3931,2015-12-25,101,31,52,184,503.99,232.19,422.24,1158.42
4310,3931,2016-01-23,105,32,27,164,523.95,239.68,219.24,982.87
4311,3931,2016-02-22,92,62,41,195,459.08,464.38,332.92,1256.38
4312,3931,2016-03-22,114,316,22,452,568.86,2366.84,178.64,3114.34
4313,3931,2016-04-21,130,178,27,335,648.7,1333.22,219.24,2201.16
4314,3941,2014-12-30,505,9,6,520,2519.95,67.41,48.72,2636.08
4315,3941,2015-01-29,498,0,0,498,2485.02,0,0,2485.02
4316,3941,2015-02-27,504,61,13,578,2514.96,456.89,105.56,3077.41
4317,3941,2015-03-28,504,31,17,552,2514.96,232.19,138.04,2885.19
4318,3941,2015-05-26,498,0,12,510,2485.02,0,97.44,2582.46
4319,3941,2015-06-25,509,3,12,524,2539.91,22.47,97.44,2659.82
4320,3941,2015-07-25,477,55,12,544,2380.23,411.95,97.44,2889.62
4321,3941,2015-08-23,581,22,0,603,2899.19,164.78,0,3063.97
4322,3941,2015-09-22,477,0,65,542,2380.23,0,527.8,2908.03
4323,3941,2015-10-21,365,7,0,372,1821.35,52.43,0,1873.78
4324,3941,2015-11-20,499,213,34,746,2490.01,1595.37,276.08,4361.46
4325,3941,2015-12-19,882,4,10,896,4401.18,29.96,81.2,4512.34
4326,3941,2016-01-18,500,10,0,510,2495,74.9,0,2569.9
4327,3941,2016-02-16,508,0,22,530,2534.92,0,178.64,2713.56
4328,3941,2016-03-16,503,30,303,836,2509.97,224.7,2460.36,5195.03
4329,3941,2016-04-15,499,13,14,526,2490.01,97.37,113.68,2701.06
4330,3941,2016-05-15,500,12,16,528,2495,89.88,129.92,2714.8
4331,3941,2016-06-14,492,2,12,506,2455.08,14.98,97.44,2567.5
4332,3941,2016-07-13,504,0,0,504,2514.96,0,0,2514.96
4333,3941,2016-08-11,718,12,19,749,3582.82,89.88,154.28,3826.98
4334,3941,2016-09-10,490,13,3,506,2445.1,97.37,24.36,2566.83
4335,3941,2016-10-09,531,9,0,540,2649.69,67.41,0,2717.1
4336,3941,2016-11-08,568,33,31,632,2834.32,247.17,251.72,3333.21
4337,3941,2016-12-08,500,0,1,501,2495,0,8.12,2503.12
4338,3951,2016-12-21,493,0,31,524,2460.07,0,251.72,2711.79
4339,3961,2014-12-29,292,28,17,337,1457.08,209.72,138.04,1804.84
4340,3961,2015-01-28,298,26,0,324,1487.02,194.74,0,1681.76
4341,3961,2015-02-26,296,31,33,360,1477.04,232.19,267.96,1977.19
4342,3961,2015-03-27,240,22,26,288,1197.6,164.78,211.12,1573.5
4343,3961,2015-04-25,298,25,21,344,1487.02,187.25,170.52,1844.79
4344,3961,2015-05-24,282,64,144,490,1407.18,479.36,1169.28,3055.82
4345,3961,2015-06-23,299,39,19,357,1492.01,292.11,154.28,1938.4
4346,3961,2015-07-23,313,27,20,360,1561.87,202.23,162.4,1926.5
4347,3961,2015-08-22,400,0,31,431,1996,0,251.72,2247.72
4348,3961,2015-09-20,343,32,85,460,1711.57,239.68,690.2,2641.45
4349,3961,2015-10-20,300,46,0,346,1497,344.54,0,1841.54
4350,3961,2015-11-18,248,35,17,300,1237.52,262.15,138.04,1637.71
4351,3961,2015-12-18,316,69,13,398,1576.84,516.81,105.56,2199.21
4352,3961,2016-01-17,306,536,31,873,1526.94,4014.64,251.72,5793.3
4353,3961,2016-02-15,546,29,36,611,2724.54,217.21,292.32,3234.07
4354,3961,2016-03-15,322,29,19,370,1606.78,217.21,154.28,1978.27
4355,3961,2016-04-14,91,23,46,160,454.09,172.27,373.52,999.88
4356,3961,2016-05-13,306,48,39,393,1526.94,359.52,316.68,2203.14
4357,3961,2016-06-11,259,17,11,287,1292.41,127.33,89.32,1509.06
4358,3961,2016-07-10,259,42,19,320,1292.41,314.58,154.28,1761.27
4359,3961,2016-08-09,0,36,11,47,0,269.64,89.32,358.96
4360,3961,2016-09-07,690,36,44,770,3443.1,269.64,357.28,4070.02
4361,3961,2016-10-06,301,49,0,350,1501.99,367.01,0,1869
4362,3961,2016-11-04,303,247,20,570,1511.97,1850.03,162.4,3524.4
4363,3961,2016-12-03,306,46,1,353,1526.94,344.54,8.12,1879.6
4364,3961,2017-01-01,30,40,0,70,149.7,299.6,0,449.3
4365,3971,2016-12-24,160,0,0,160,798.4,0,0,798.4
4366,3981,2016-10-31,95,17,28,140,474.05,127.33,227.36,828.74
4367,3991,2014-12-31,499,0,24,523,2490.01,0,194.88,2684.89
4368,3991,2015-01-30,523,62,14,599,2609.77,464.38,113.68,3187.83
4369,3991,2015-02-28,486,0,32,518,2425.14,0,259.84,2684.98
4370,3991,2015-03-29,523,14,0,537,2609.77,104.86,0,2714.63
4371,3991,2015-04-27,492,3,3,498,2455.08,22.47,24.36,2501.91
4372,3991,2015-05-26,499,2,0,501,2490.01,14.98,0,2504.99
4373,3991,2015-06-24,544,15,47,606,2714.56,112.35,381.64,3208.55
4374,3991,2015-07-24,485,6,3,494,2420.15,44.94,24.36,2489.45
4375,3991,2015-08-23,405,11,5,421,2020.95,82.39,40.6,2143.94
4376,3991,2015-09-22,460,9,13,482,2295.4,67.41,105.56,2468.37
4377,3991,2015-10-21,504,175,9,688,2514.96,1310.75,73.08,3898.79
4378,3991,2015-11-19,496,91,34,621,2475.04,681.59,276.08,3432.71
4379,3991,2015-12-18,513,0,0,513,2559.87,0,0,2559.87
4380,3991,2016-01-16,495,40,7,542,2470.05,299.6,56.84,2826.49
4381,3991,2016-02-15,495,0,20,515,2470.05,0,162.4,2632.45
4382,3991,2016-03-16,445,0,16,461,2220.55,0,129.92,2350.47
4383,3991,2016-04-15,502,0,8,510,2504.98,0,64.96,2569.94
4384,3991,2016-05-14,507,0,0,507,2529.93,0,0,2529.93
4385,3991,2016-06-13,503,15,46,564,2509.97,112.35,373.52,2995.84
4386,3991,2016-07-13,514,230,10,754,2564.86,1722.7,81.2,4368.76
4387,3991,2016-08-11,508,6,15,529,2534.92,44.94,121.8,2701.66
4388,3991,2016-09-10,601,14,28,643,2998.99,104.86,227.36,3331.21
4389,3991,2016-10-09,495,24,86,605,2470.05,179.76,698.32,3348.13
4390,3991,2016-11-07,498,0,0,498,2485.02,0,0,2485.02
4391,3991,2016-12-06,517,9,0,526,2579.83,67.41,0,2647.24
4392,4001,2014-12-10,0,18,172,190,0,134.82,1396.64,1531.46
4393,4001,2015-01-08,136,0,19,155,678.64,0,154.28,832.92
4394,4001,2015-03-09,114,0,20,134,568.86,0,162.4,731.26
4395,4001,2015-04-07,142,21,0,163,708.58,157.29,0,865.87
4396,4001,2015-05-06,228,5,11,244,1137.72,37.45,89.32,1264.49
4397,4001,2015-06-04,160,28,1,189,798.4,209.72,8.12,1016.24
4398,4001,2015-07-03,200,4,0,204,998,29.96,0,1027.96
4399,4001,2015-08-02,149,16,21,186,743.51,119.84,170.52,1033.87
4400,4011,2014-12-21,97,115,11,223,484.03,861.35,89.32,1434.7
4401,4011,2015-01-19,94,37,26,157,469.06,277.13,211.12,957.31
4402,4011,2015-02-18,95,29,20,144,474.05,217.21,162.4,853.66
4403,4011,2015-03-19,139,31,23,193,693.61,232.19,186.76,1112.56
4404,4011,2015-04-18,108,14,0,122,538.92,104.86,0,643.78
4405,4011,2015-05-17,0,7,39,46,0,52.43,316.68,369.11
4406,4011,2015-06-16,87,31,0,118,434.13,232.19,0,666.32
4407,4011,2015-07-15,87,66,34,187,434.13,494.34,276.08,1204.55
4408,4011,2015-08-13,92,8,24,124,459.08,59.92,194.88,713.88
4409,4011,2015-09-12,88,105,31,224,439.12,786.45,251.72,1477.29
4410,4011,2015-10-12,119,0,8,127,593.81,0,64.96,658.77
4411,4011,2015-11-11,0,6,29,35,0,44.94,235.48,280.42
4412,4011,2015-12-11,80,31,28,139,399.2,232.19,227.36,858.75
4413,4011,2016-01-10,103,0,22,125,513.97,0,178.64,692.61
4414,4011,2016-02-09,117,35,27,179,583.83,262.15,219.24,1065.22
4415,4011,2016-03-10,26,22,2155,2203,129.74,164.78,17498.6,17793.12
4416,4011,2016-04-09,100,6,30,136,499,44.94,243.6,787.54
4417,4021,2016-06-13,142,0,3,145,708.58,0,24.36,732.94
4418,4021,2016-07-12,161,31,23,215,803.39,232.19,186.76,1222.34
4419,4021,2016-08-10,183,35,2,220,913.17,262.15,16.24,1191.56
4420,4021,2016-09-09,147,10,25,182,733.53,74.9,203,1011.43
4421,4021,2016-10-08,182,10,82,274,908.18,74.9,665.84,1648.92
4422,4021,2016-11-07,147,14,26,187,733.53,104.86,211.12,1049.51
4423,4021,2016-12-07,149,5,16,170,743.51,37.45,129.92,910.88
4424,4031,2014-12-04,300,23,0,323,1497,172.27,0,1669.27
4425,4031,2015-01-03,312,30,27,369,1556.88,224.7,219.24,2000.82
4426,4031,2015-02-02,308,45,6,359,1536.92,337.05,48.72,1922.69
4427,4031,2015-03-04,295,17,7,319,1472.05,127.33,56.84,1656.22
4428,4031,2015-05-03,246,18,0,264,1227.54,134.82,0,1362.36
4429,4031,2015-06-01,281,68,12,361,1402.19,509.32,97.44,2008.95
4430,4031,2015-07-01,339,22,12,373,1691.61,164.78,97.44,1953.83
4431,4031,2015-07-31,315,21,27,363,1571.85,157.29,219.24,1948.38
4432,4031,2015-08-29,279,28,20,327,1392.21,209.72,162.4,1764.33
4433,4031,2015-09-27,299,67,4,370,1492.01,501.83,32.48,2026.32
4434,4031,2015-10-26,296,43,20,359,1477.04,322.07,162.4,1961.51
4435,4031,2015-11-25,298,22,10,330,1487.02,164.78,81.2,1733
4436,4031,2015-12-25,302,11,8,321,1506.98,82.39,64.96,1654.33
4437,4031,2016-01-23,311,52,9,372,1551.89,389.48,73.08,2014.45
4438,4031,2016-02-21,317,9,14,340,1581.83,67.41,113.68,1762.92
4439,4031,2016-03-22,348,44,0,392,1736.52,329.56,0,2066.08
4440,4031,2016-04-21,362,45,21,428,1806.38,337.05,170.52,2313.95
4441,4031,2016-05-20,311,46,30,387,1551.89,344.54,243.6,2140.03
4442,4031,2016-06-18,342,19,17,378,1706.58,142.31,138.04,1986.93
4443,4031,2016-07-18,289,37,22,348,1442.11,277.13,178.64,1897.88
4444,4031,2016-08-16,294,24,9,327,1467.06,179.76,73.08,1719.9
4445,4031,2016-09-15,291,49,25,365,1452.09,367.01,203,2022.1
4446,4031,2016-10-14,317,22,13,352,1581.83,164.78,105.56,1852.17
4447,4031,2016-11-13,252,28,37,317,1257.48,209.72,300.44,1767.64
4448,4031,2016-12-12,303,34,0,337,1511.97,254.66,0,1766.63
4449,4041,2016-09-05,102,43,21,166,508.98,322.07,170.52,1001.57
4450,4051,2014-12-26,100,32,30,162,499,239.68,243.6,982.28
4451,4051,2015-01-25,98,49,40,187,489.02,367.01,324.8,1180.83
4452,4051,2015-02-24,0,33,436,469,0,247.17,3540.32,3787.49
4453,4051,2015-03-26,100,0,16,116,499,0,129.92,628.92
4454,4051,2015-04-24,76,0,26,102,379.24,0,211.12,590.36
4455,4051,2015-05-24,119,0,33,152,593.81,0,267.96,861.77
4456,4051,2015-06-23,102,36,24,162,508.98,269.64,194.88,973.5
4457,4051,2015-07-22,117,0,29,146,583.83,0,235.48,819.31
4458,4051,2015-08-20,113,236,30,379,563.87,1767.64,243.6,2575.11
4459,4051,2015-09-19,116,14,21,151,578.84,104.86,170.52,854.22
4460,4061,2016-03-14,486,11,23,520,2425.14,82.39,186.76,2694.29
4461,4061,2016-04-13,481,0,7,488,2400.19,0,56.84,2457.03
4462,4061,2016-05-12,481,6,3,490,2400.19,44.94,24.36,2469.49
4463,4061,2016-06-10,494,0,47,541,2465.06,0,381.64,2846.7
4464,4061,2016-07-09,468,0,10,478,2335.32,0,81.2,2416.52
4465,4061,2016-08-08,499,0,4,503,2490.01,0,32.48,2522.49
4466,4061,2016-09-06,504,6,212,722,2514.96,44.94,1721.44,4281.34
4467,4061,2016-10-05,506,18,33,557,2524.94,134.82,267.96,2927.72
4468,4061,2016-11-03,513,16,30,559,2559.87,119.84,243.6,2923.31
4469,4061,2016-12-02,466,120,49,635,2325.34,898.8,397.88,3622.02
4470,4061,2016-12-31,512,0,0,512,2554.88,0,0,2554.88
4471,4071,2014-12-27,306,45,27,378,1526.94,337.05,219.24,2083.23
4472,4071,2015-01-25,311,41,16,368,1551.89,307.09,129.92,1988.9
4473,4071,2015-02-23,316,21,0,337,1576.84,157.29,0,1734.13
4474,4071,2015-03-25,292,9,0,301,1457.08,67.41,0,1524.49
4475,4071,2015-04-24,283,19,44,346,1412.17,142.31,357.28,1911.76
4476,4071,2015-05-24,294,17,147,458,1467.06,127.33,1193.64,2788.03
4477,4071,2015-06-23,319,0,94,413,1591.81,0,763.28,2355.09
4478,4071,2015-07-22,0,2,23,25,0,14.98,186.76,201.74
4479,4071,2015-08-20,288,31,18,337,1437.12,232.19,146.16,1815.47
4480,4071,2015-09-18,292,32,0,324,1457.08,239.68,0,1696.76
4481,4071,2015-10-17,307,30,0,337,1531.93,224.7,0,1756.63
4482,4071,2015-11-16,300,50,16,366,1497,374.5,129.92,2001.42
4483,4071,2015-12-15,277,38,22,337,1382.23,284.62,178.64,1845.49
4484,4071,2016-01-14,301,15,94,410,1501.99,112.35,763.28,2377.62
4485,4071,2016-02-13,311,55,28,394,1551.89,411.95,227.36,2191.2
4486,4071,2016-03-13,417,30,20,467,2080.83,224.7,162.4,2467.93
4487,4071,2016-04-12,276,22,0,298,1377.24,164.78,0,1542.02
4488,4071,2016-05-11,304,22,21,347,1516.96,164.78,170.52,1852.26
4489,4071,2016-06-10,291,26,0,317,1452.09,194.74,0,1646.83
4490,4071,2016-07-10,335,23,6,364,1671.65,172.27,48.72,1892.64
4491,4071,2016-08-08,311,24,39,374,1551.89,179.76,316.68,2048.33
4492,4071,2016-09-07,290,6,18,314,1447.1,44.94,146.16,1638.2
4493,4071,2016-10-07,267,25,27,319,1332.33,187.25,219.24,1738.82
4494,4071,2016-11-06,301,39,86,426,1501.99,292.11,698.32,2492.42
4495,4071,2016-12-06,274,5,0,279,1367.26,37.45,0,1404.71
4496,4081,2014-12-24,505,5,0,510,2519.95,37.45,0,2557.4
4497,4081,2015-01-23,448,4,12,464,2235.52,29.96,97.44,2362.92
4498,4081,2015-02-22,495,20,10,525,2470.05,149.8,81.2,2701.05
4499,4081,2015-03-23,522,12,14,548,2604.78,89.88,113.68,2808.34
4500,4081,2015-04-21,495,48,8,551,2470.05,359.52,64.96,2894.53
4501,4081,2015-05-20,919,10,29,958,4585.81,74.9,235.48,4896.19
4502,4081,2015-06-18,497,0,29,526,2480.03,0,235.48,2715.51
4503,4081,2015-07-17,498,11,34,543,2485.02,82.39,276.08,2843.49
4504,4081,2015-08-15,541,18,9,568,2699.59,134.82,73.08,2907.49
4505,4081,2015-09-13,267,2,20,289,1332.33,14.98,162.4,1509.71
4506,4081,2015-10-12,436,23,0,459,2175.64,172.27,0,2347.91
4507,4081,2015-11-11,510,163,9,682,2544.9,1220.87,73.08,3838.85
4508,4081,2015-12-11,504,2,0,506,2514.96,14.98,0,2529.94
4509,4081,2016-01-09,493,27,0,520,2460.07,202.23,0,2662.3
4510,4081,2016-02-07,512,17,17,546,2554.88,127.33,138.04,2820.25
4511,4081,2016-03-08,538,4,6,548,2684.62,29.96,48.72,2763.3
4512,4081,2016-04-06,503,9,0,512,2509.97,67.41,0,2577.38
4513,4081,2016-05-06,505,6,42,553,2519.95,44.94,341.04,2905.93
4514,4081,2016-06-05,519,0,8,527,2589.81,0,64.96,2654.77
4515,4081,2016-07-05,549,17,8,574,2739.51,127.33,64.96,2931.8
4516,4081,2016-08-03,476,0,0,476,2375.24,0,0,2375.24
4517,4081,2016-10-01,344,0,13,357,1716.56,0,105.56,1822.12
4518,4081,2016-10-30,527,4,3,534,2629.73,29.96,24.36,2684.05
4519,4081,2016-11-29,493,20,0,513,2460.07,149.8,0,2609.87
4520,4081,2016-12-28,472,0,0,472,2355.28,0,0,2355.28
4521,4091,2014-12-22,497,6,1,504,2480.03,44.94,8.12,2533.09
4522,4091,2015-01-20,564,0,7,571,2814.36,0,56.84,2871.2
4523,4091,2015-02-19,454,37,10,501,2265.46,277.13,81.2,2623.79
4524,4091,2015-03-21,499,0,2,501,2490.01,0,16.24,2506.25
4525,4091,2015-04-19,502,12,15,529,2504.98,89.88,121.8,2716.66
4526,4091,2015-05-19,517,5,35,557,2579.83,37.45,284.2,2901.48
4527,4091,2015-06-17,509,34,13,556,2539.91,254.66,105.56,2900.13
4528,4091,2015-07-17,512,12,41,565,2554.88,89.88,332.92,2977.68
4529,4091,2015-08-15,500,0,10,510,2495,0,81.2,2576.2
4530,4091,2015-09-13,790,0,1,791,3942.1,0,8.12,3950.22
4531,4091,2015-10-12,505,0,14,519,2519.95,0,113.68,2633.63
4532,4091,2015-11-11,493,4,4,501,2460.07,29.96,32.48,2522.51
4533,4091,2015-12-11,499,14,0,513,2490.01,104.86,0,2594.87
4534,4091,2016-01-09,491,27,0,518,2450.09,202.23,0,2652.32
4535,4091,2016-02-08,505,6,16,527,2519.95,44.94,129.92,2694.81
4536,4091,2016-03-09,506,18,0,524,2524.94,134.82,0,2659.76
4537,4091,2016-04-07,521,0,0,521,2599.79,0,0,2599.79
4538,4101,2016-11-07,83,0,29,112,414.17,0,235.48,649.65
4539,4101,2016-12-07,92,26,16,134,459.08,194.74,129.92,783.74
4540,4111,2014-12-16,144,18,1102,1264,718.56,134.82,8948.24,9801.62
4541,4111,2015-01-15,171,0,5,176,853.29,0,40.6,893.89
4542,4111,2015-02-14,100,0,16,116,499,0,129.92,628.92
4543,4111,2015-03-15,67,25,54,146,334.33,187.25,438.48,960.06
4544,4111,2015-04-14,162,0,7,169,808.38,0,56.84,865.22
4545,4111,2015-05-14,145,15,0,160,723.55,112.35,0,835.9
4546,4111,2015-06-12,160,45,10,215,798.4,337.05,81.2,1216.65
4547,4111,2015-07-11,242,7,0,249,1207.58,52.43,0,1260.01
4548,4111,2015-08-10,155,0,5,160,773.45,0,40.6,814.05
4549,4121,2014-12-08,324,28,18,370,1616.76,209.72,146.16,1972.64
4550,4121,2015-01-07,305,10,259,574,1521.95,74.9,2103.08,3699.93
4551,4121,2015-02-05,300,17,67,384,1497,127.33,544.04,2168.37
4552,4121,2015-03-06,236,24,23,283,1177.64,179.76,186.76,1544.16
4553,4121,2015-04-05,293,22,27,342,1462.07,164.78,219.24,1846.09
4554,4121,2015-05-04,310,0,11,321,1546.9,0,89.32,1636.22
4555,4121,2015-06-03,299,38,44,381,1492.01,284.62,357.28,2133.91
4556,4121,2015-07-03,285,24,24,333,1422.15,179.76,194.88,1796.79
4557,4121,2015-08-02,310,26,9,345,1546.9,194.74,73.08,1814.72
4558,4121,2015-08-31,297,89,29,415,1482.03,666.61,235.48,2384.12
4559,4121,2015-09-30,275,39,10,324,1372.25,292.11,81.2,1745.56
4560,4121,2015-10-30,300,67,4,371,1497,501.83,32.48,2031.31
4561,4121,2015-11-28,300,30,0,330,1497,224.7,0,1721.7
4562,4121,2015-12-27,307,12,0,319,1531.93,89.88,0,1621.81
4563,4121,2016-01-25,289,35,15,339,1442.11,262.15,121.8,1826.06
4564,4121,2016-02-24,292,16,25,333,1457.08,119.84,203,1779.92
4565,4121,2016-03-25,311,24,79,414,1551.89,179.76,641.48,2373.13
4566,4121,2016-04-24,300,0,22,322,1497,0,178.64,1675.64
4567,4121,2016-05-23,357,22,26,405,1781.43,164.78,211.12,2157.33
4568,4121,2016-06-21,397,39,35,471,1981.03,292.11,284.2,2557.34
4569,4121,2016-07-21,294,55,45,394,1467.06,411.95,365.4,2244.41
4570,4121,2016-08-19,304,28,0,332,1516.96,209.72,0,1726.68
4571,4131,2014-12-23,315,0,3,318,1571.85,0,24.36,1596.21
4572,4131,2015-01-22,622,19,26,667,3103.78,142.31,211.12,3457.21
4573,4131,2015-02-20,299,27,15,341,1492.01,202.23,121.8,1816.04
4574,4131,2015-03-21,297,97,0,394,1482.03,726.53,0,2208.56
4575,4131,2015-04-19,299,36,0,335,1492.01,269.64,0,1761.65
4576,4131,2015-05-18,325,3,6,334,1621.75,22.47,48.72,1692.94
4577,4131,2015-06-17,278,58,501,837,1387.22,434.42,4068.12,5889.76
4578,4131,2015-07-17,297,14,6,317,1482.03,104.86,48.72,1635.61
4579,4131,2015-08-16,342,22,11,375,1706.58,164.78,89.32,1960.68
4580,4131,2015-09-14,303,20,21,344,1511.97,149.8,170.52,1832.29
4581,4131,2015-10-14,326,30,24,380,1626.74,224.7,194.88,2046.32
4582,4131,2015-11-13,288,0,18,306,1437.12,0,146.16,1583.28
4583,4131,2015-12-13,309,17,11,337,1541.91,127.33,89.32,1758.56
4584,4131,2016-01-11,297,24,27,348,1482.03,179.76,219.24,1881.03
4585,4131,2016-02-10,273,28,0,301,1362.27,209.72,0,1571.99
4586,4131,2016-03-11,294,30,143,467,1467.06,224.7,1161.16,2852.92
4587,4131,2016-04-09,306,31,95,432,1526.94,232.19,771.4,2530.53
4588,4131,2016-05-09,230,32,50,312,1147.7,239.68,406,1793.38
4589,4131,2016-06-08,268,26,53,347,1337.32,194.74,430.36,1962.42
4590,4131,2016-07-07,279,60,19,358,1392.21,449.4,154.28,1995.89
4591,4131,2016-08-06,287,26,20,333,1432.13,194.74,162.4,1789.27
4592,4131,2016-09-04,295,8,6,309,1472.05,59.92,48.72,1580.69
4593,4131,2016-10-03,299,33,12,344,1492.01,247.17,97.44,1836.62
4594,4131,2016-11-02,295,15,0,310,1472.05,112.35,0,1584.4
4595,4131,2016-12-30,273,0,19,292,1362.27,0,154.28,1516.55
4596,4141,2014-12-18,318,40,3,361,1586.82,299.6,24.36,1910.78
4597,4141,2015-01-17,338,2,4,344,1686.62,14.98,32.48,1734.08
4598,4141,2015-02-15,305,49,17,371,1521.95,367.01,138.04,2027
4599,4141,2015-03-16,297,24,7,328,1482.03,179.76,56.84,1718.63
4600,4141,2015-04-14,287,30,0,317,1432.13,224.7,0,1656.83
4601,4141,2015-05-14,290,25,34,349,1447.1,187.25,276.08,1910.43
4602,4141,2015-06-13,321,27,13,361,1601.79,202.23,105.56,1909.58
4603,4141,2015-07-12,355,79,23,457,1771.45,591.71,186.76,2549.92
4604,4141,2015-08-10,0,22,23,45,0,164.78,186.76,351.54
4605,4141,2015-09-09,294,54,28,376,1467.06,404.46,227.36,2098.88
4606,4141,2015-10-09,284,4,97,385,1417.16,29.96,787.64,2234.76
4607,4141,2015-11-08,293,71,7,371,1462.07,531.79,56.84,2050.7
4608,4141,2015-12-08,310,65,10,385,1546.9,486.85,81.2,2114.95
4609,4141,2016-01-06,288,18,19,325,1437.12,134.82,154.28,1726.22
4610,4141,2016-02-05,313,31,31,375,1561.87,232.19,251.72,2045.78
4611,4141,2016-03-05,282,72,34,388,1407.18,539.28,276.08,2222.54
4612,4141,2016-04-04,329,27,50,406,1641.71,202.23,406,2249.94
4613,4141,2016-05-03,303,0,36,339,1511.97,0,292.32,1804.29
4614,4141,2016-06-02,278,30,40,348,1387.22,224.7,324.8,1936.72
4615,4141,2016-07-01,306,40,30,376,1526.94,299.6,243.6,2070.14
4616,4141,2016-07-30,287,9,38,334,1432.13,67.41,308.56,1808.1
4617,4141,2016-08-29,305,41,7,353,1521.95,307.09,56.84,1885.88
4618,4141,2016-09-27,278,34,12,324,1387.22,254.66,97.44,1739.32
4619,4141,2016-10-27,173,0,8,181,863.27,0,64.96,928.23
4620,4141,2016-11-25,309,44,15,368,1541.91,329.56,121.8,1993.27
4621,4141,2016-12-24,303,24,0,327,1511.97,179.76,0,1691.73
4622,4151,2014-12-12,518,0,23,541,2584.82,0,186.76,2771.58
4623,4151,2015-01-11,528,0,9,537,2634.72,0,73.08,2707.8
4624,4151,2015-02-09,516,8,58,582,2574.84,59.92,470.96,3105.72
4625,4151,2015-03-11,497,24,4,525,2480.03,179.76,32.48,2692.27
4626,4151,2015-04-10,478,13,6,497,2385.22,97.37,48.72,2531.31
4627,4151,2015-05-10,497,11,0,508,2480.03,82.39,0,2562.42
4628,4151,2015-06-09,502,19,0,521,2504.98,142.31,0,2647.29
4629,4151,2015-07-08,483,86,10,579,2410.17,644.14,81.2,3135.51
4630,4151,2015-08-07,474,362,14,850,2365.26,2711.38,113.68,5190.32
4631,4151,2015-09-06,469,14,12,495,2340.31,104.86,97.44,2542.61
4632,4151,2015-10-05,516,0,8,524,2574.84,0,64.96,2639.8
4633,4151,2015-11-04,504,0,12,516,2514.96,0,97.44,2612.4
4634,4151,2015-12-04,599,0,4,603,2989.01,0,32.48,3021.49
4635,4151,2016-01-03,531,0,0,531,2649.69,0,0,2649.69
4636,4151,2016-02-02,515,12,0,527,2569.85,89.88,0,2659.73
4637,4151,2016-03-02,495,8,4,507,2470.05,59.92,32.48,2562.45
4638,4151,2016-04-01,504,19,10,533,2514.96,142.31,81.2,2738.47
4639,4151,2016-05-01,505,197,15,717,2519.95,1475.53,121.8,4117.28
4640,4151,2016-05-30,508,0,44,552,2534.92,0,357.28,2892.2
4641,4151,2016-06-29,499,3198,60,3757,2490.01,23953.02,487.2,26930.23
4642,4151,2016-07-28,518,0,13,531,2584.82,0,105.56,2690.38
4643,4151,2016-08-27,501,33,22,556,2499.99,247.17,178.64,2925.8
4644,4151,2016-09-26,494,17,14,525,2465.06,127.33,113.68,2706.07
4645,4151,2016-10-25,496,1,0,497,2475.04,7.49,0,2482.53
4646,4151,2016-11-23,524,22,23,569,2614.76,164.78,186.76,2966.3
4647,4151,2016-12-22,505,0,89,594,2519.95,0,722.68,3242.63
4648,4161,2015-03-04,291,26,20,337,1452.09,194.74,162.4,1809.23
4649,4161,2015-04-03,376,23,0,399,1876.24,172.27,0,2048.51
4650,4161,2015-05-03,298,38,23,359,1487.02,284.62,186.76,1958.4
4651,4161,2015-06-01,303,7,9,319,1511.97,52.43,73.08,1637.48
4652,4161,2015-06-30,304,34,12,350,1516.96,254.66,97.44,1869.06
4653,4161,2015-07-29,288,32,18,338,1437.12,239.68,146.16,1822.96
4654,4161,2015-08-28,260,35,25,320,1297.4,262.15,203,1762.55
4655,4161,2015-09-27,289,14,3,306,1442.11,104.86,24.36,1571.33
4656,4161,2015-10-26,301,56,20,377,1501.99,419.44,162.4,2083.83
4657,4161,2015-11-24,829,119,20,968,4136.71,891.31,162.4,5190.42
4658,4161,2015-12-23,295,44,19,358,1472.05,329.56,154.28,1955.89
4659,4161,2016-01-21,315,34,215,564,1571.85,254.66,1745.8,3572.31
4660,4161,2016-02-19,290,46,19,355,1447.1,344.54,154.28,1945.92
4661,4161,2016-03-19,503,28,42,573,2509.97,209.72,341.04,3060.73
4662,4171,2015-01-11,144,52,0,196,718.56,389.48,0,1108.04
4663,4171,2015-02-10,182,0,0,182,908.18,0,0,908.18
4664,4171,2015-03-11,141,0,8,149,703.59,0,64.96,768.55
4665,4171,2015-04-09,156,0,12,168,778.44,0,97.44,875.88
4666,4171,2015-05-08,157,6,7,170,783.43,44.94,56.84,885.21
4667,4171,2015-06-07,175,19,0,194,873.25,142.31,0,1015.56
4668,4171,2015-07-06,291,46,23,360,1452.09,344.54,186.76,1983.39
4669,4181,2017-01-01,481,0,7,488,2400.19,0,56.84,2457.03
4670,4191,2014-12-12,109,20,70,199,543.91,149.8,568.4,1262.11
4671,4191,2015-01-11,100,5,12,117,499,37.45,97.44,633.89
4672,4191,2015-02-09,114,31,35,180,568.86,232.19,284.2,1085.25
4673,4191,2015-03-11,95,13,57,165,474.05,97.37,462.84,1034.26
4674,4191,2015-04-09,95,16,33,144,474.05,119.84,267.96,861.85
4675,4191,2015-05-08,110,25,5,140,548.9,187.25,40.6,776.75
4676,4191,2015-06-07,105,12,18,135,523.95,89.88,146.16,759.99
4677,4191,2015-07-07,58,37,33,128,289.42,277.13,267.96,834.51
4678,4191,2015-08-06,147,29,15,191,733.53,217.21,121.8,1072.54
4679,4191,2015-09-05,101,136,26,263,503.99,1018.64,211.12,1733.75
4680,4191,2015-10-04,53,0,3,56,264.47,0,24.36,288.83
4681,4191,2015-11-02,291,43,23,357,1452.09,322.07,186.76,1960.92
4682,4191,2015-12-02,100,4,26,130,499,29.96,211.12,740.08
4683,4191,2016-01-31,96,48,44,188,479.04,359.52,357.28,1195.84
4684,4191,2016-03-01,0,68,38,106,0,509.32,308.56,817.88
4685,4201,2015-01-01,125,30,72,227,623.75,224.7,584.64,1433.09
4686,4201,2015-01-31,0,115,15,130,0,861.35,121.8,983.15
4687,4211,2014-12-28,503,10,24,537,2509.97,74.9,194.88,2779.75
4688,4211,2015-01-26,503,9,8,520,2509.97,67.41,64.96,2642.34
4689,4211,2015-02-24,415,30,10,455,2070.85,224.7,81.2,2376.75
4690,4211,2015-03-25,502,19,0,521,2504.98,142.31,0,2647.29
4691,4211,2015-04-24,505,611,13,1129,2519.95,4576.39,105.56,7201.9
4692,4211,2015-05-23,498,6,15,519,2485.02,44.94,121.8,2651.76
4693,4211,2015-06-21,509,3,0,512,2539.91,22.47,0,2562.38
4694,4211,2015-07-21,498,13,23,534,2485.02,97.37,186.76,2769.15
4695,4211,2015-08-20,516,2,0,518,2574.84,14.98,0,2589.82
4696,4211,2015-09-19,483,15,38,536,2410.17,112.35,308.56,2831.08
4697,4211,2015-10-19,492,0,6,498,2455.08,0,48.72,2503.8
4698,4211,2015-11-18,495,38,22,555,2470.05,284.62,178.64,2933.31
4699,4211,2015-12-18,517,3,13,533,2579.83,22.47,105.56,2707.86
4700,4211,2016-01-16,494,11,3,508,2465.06,82.39,24.36,2571.81
4701,4211,2016-02-15,497,0,33,530,2480.03,0,267.96,2747.99
4702,4211,2016-03-16,464,7,5,476,2315.36,52.43,40.6,2408.39
4703,4211,2016-04-15,497,22,17,536,2480.03,164.78,138.04,2782.85
4704,4211,2016-05-15,466,0,11,477,2325.34,0,89.32,2414.66
4705,4211,2016-06-14,491,0,0,491,2450.09,0,0,2450.09
4706,4211,2016-07-13,529,15,0,544,2639.71,112.35,0,2752.06
4707,4211,2016-08-11,463,4,31,498,2310.37,29.96,251.72,2592.05
4708,4211,2016-09-09,502,5,10,517,2504.98,37.45,81.2,2623.63
4709,4211,2016-10-08,514,0,14,528,2564.86,0,113.68,2678.54
4710,4211,2016-11-06,490,8,0,498,2445.1,59.92,0,2505.02
4711,4211,2016-12-05,510,0,0,510,2544.9,0,0,2544.9
4712,4221,2014-12-16,354,32,16,402,1766.46,239.68,129.92,2136.06
4713,4221,2015-01-15,248,46,27,321,1237.52,344.54,219.24,1801.3
4714,4221,2015-02-13,292,24,17,333,1457.08,179.76,138.04,1774.88
4715,4221,2015-03-14,299,23,22,344,1492.01,172.27,178.64,1842.92
4716,4221,2015-04-13,289,21,21,331,1442.11,157.29,170.52,1769.92
4717,4221,2015-05-12,320,40,17,377,1596.8,299.6,138.04,2034.44
4718,4221,2015-06-11,302,50,24,376,1506.98,374.5,194.88,2076.36
4719,4221,2015-07-11,287,44,33,364,1432.13,329.56,267.96,2029.65
4720,4221,2015-08-09,308,37,40,385,1536.92,277.13,324.8,2138.85
4721,4221,2015-09-07,302,26,2,330,1506.98,194.74,16.24,1717.96
4722,4221,2015-10-06,300,15,30,345,1497,112.35,243.6,1852.95
4723,4221,2015-11-05,307,25,2,334,1531.93,187.25,16.24,1735.42
4724,4221,2015-12-05,336,52,35,423,1676.64,389.48,284.2,2350.32
4725,4221,2016-01-03,309,24,15,348,1541.91,179.76,121.8,1843.47
4726,4221,2016-02-02,294,39,53,386,1467.06,292.11,430.36,2189.53
4727,4221,2016-03-02,328,31,22,381,1636.72,232.19,178.64,2047.55
4728,4221,2016-04-01,292,21,0,313,1457.08,157.29,0,1614.37
4729,4221,2016-05-01,348,16,24,388,1736.52,119.84,194.88,2051.24
4730,4221,2016-05-30,373,36,23,432,1861.27,269.64,186.76,2317.67
4731,4221,2016-06-28,308,0,70,378,1536.92,0,568.4,2105.32
4732,4221,2016-07-28,300,12,35,347,1497,89.88,284.2,1871.08
4733,4221,2016-08-27,302,63,0,365,1506.98,471.87,0,1978.85
4734,4221,2016-09-26,359,0,34,393,1791.41,0,276.08,2067.49
4735,4221,2016-10-26,301,14,14,329,1501.99,104.86,113.68,1720.53
4736,4221,2016-11-24,296,41,36,373,1477.04,307.09,292.32,2076.45
4737,4221,2016-12-24,308,0,28,336,1536.92,0,227.36,1764.28
4738,4231,2014-12-16,507,0,21,528,2529.93,0,170.52,2700.45
4739,4231,2015-01-15,493,17,22,532,2460.07,127.33,178.64,2766.04
4740,4231,2015-02-14,521,12,10,543,2599.79,89.88,81.2,2770.87
4741,4231,2015-03-15,508,16,50,574,2534.92,119.84,406,3060.76
4742,4231,2015-04-13,487,49,0,536,2430.13,367.01,0,2797.14
4743,4231,2015-05-12,533,0,7,540,2659.67,0,56.84,2716.51
4744,4231,2015-06-10,505,25,0,530,2519.95,187.25,0,2707.2
4745,4231,2015-07-10,528,17,6,551,2634.72,127.33,48.72,2810.77
4746,4231,2015-08-09,495,7,80,582,2470.05,52.43,649.6,3172.08
4747,4231,2015-09-08,417,0,17,434,2080.83,0,138.04,2218.87
4748,4231,2015-10-07,516,20,662,1198,2574.84,149.8,5375.44,8100.08
4749,4231,2015-11-06,505,26,12,543,2519.95,194.74,97.44,2812.13
4750,4231,2015-12-05,532,18,0,550,2654.68,134.82,0,2789.5
4751,4231,2016-01-04,484,42,0,526,2415.16,314.58,0,2729.74
4752,4231,2016-02-03,498,17,0,515,2485.02,127.33,0,2612.35
4753,4231,2016-03-03,495,0,14,509,2470.05,0,113.68,2583.73
4754,4231,2016-04-02,480,17,0,497,2395.2,127.33,0,2522.53
4755,4231,2016-05-01,491,0,13,504,2450.09,0,105.56,2555.65
4756,4231,2016-05-31,501,24,3,528,2499.99,179.76,24.36,2704.11
4757,4231,2016-06-30,522,0,0,522,2604.78,0,0,2604.78
4758,4231,2016-07-30,499,16,0,515,2490.01,119.84,0,2609.85
4759,4231,2016-08-28,396,10,17,423,1976.04,74.9,138.04,2188.98
4760,4231,2016-09-27,501,0,20,521,2499.99,0,162.4,2662.39
4761,4231,2016-10-26,4,39,0,43,19.96,292.11,0,312.07
4762,4231,2016-11-24,387,16,17,420,1931.13,119.84,138.04,2189.01
4763,4231,2016-12-24,527,0,1,528,2629.73,0,8.12,2637.85
4764,4241,2016-07-22,239,43,10,292,1192.61,322.07,81.2,1595.88
4765,4241,2016-08-20,300,63,11,374,1497,471.87,89.32,2058.19
4766,4241,2016-09-19,293,19,0,312,1462.07,142.31,0,1604.38
4767,4241,2016-10-18,294,23,21,338,1467.06,172.27,170.52,1809.85
4768,4241,2016-11-16,252,22,26,300,1257.48,164.78,211.12,1633.38
4769,4241,2016-12-15,283,8,0,291,1412.17,59.92,0,1472.09
4770,4251,2014-12-23,582,8,10,600,2904.18,59.92,81.2,3045.3
4771,4251,2015-01-21,492,9,4,505,2455.08,67.41,32.48,2554.97
4772,4251,2015-02-19,498,0,0,498,2485.02,0,0,2485.02
4773,4251,2015-03-20,501,19,11,531,2499.99,142.31,89.32,2731.62
4774,4251,2015-04-18,519,4,19,542,2589.81,29.96,154.28,2774.05
4775,4251,2015-05-17,500,27,0,527,2495,202.23,0,2697.23
4776,4251,2015-06-16,503,13,111,627,2509.97,97.37,901.32,3508.66
4777,4251,2015-07-15,487,0,5,492,2430.13,0,40.6,2470.73
4778,4251,2015-08-14,500,8,16,524,2495,59.92,129.92,2684.84
4779,4251,2015-09-12,504,0,60,564,2514.96,0,487.2,3002.16
4780,4251,2015-10-11,499,0,14,513,2490.01,0,113.68,2603.69
4781,4251,2015-11-09,441,141,0,582,2200.59,1056.09,0,3256.68
4782,4251,2015-12-09,737,52,8,797,3677.63,389.48,64.96,4132.07
4783,4251,2016-01-07,506,21,0,527,2524.94,157.29,0,2682.23
4784,4251,2016-02-06,562,2,9,573,2804.38,14.98,73.08,2892.44
4785,4251,2016-03-06,2108,0,9,2117,10518.92,0,73.08,10592
4786,4251,2016-04-05,511,14,50,575,2549.89,104.86,406,3060.75
4787,4251,2016-05-04,488,25,5,518,2435.12,187.25,40.6,2662.97
4788,4251,2016-06-03,511,0,0,511,2549.89,0,0,2549.89
4789,4251,2016-07-03,491,7,7,505,2450.09,52.43,56.84,2559.36
4790,4251,2016-08-01,502,6,12,520,2504.98,44.94,97.44,2647.36
4791,4251,2016-08-30,515,42,14,571,2569.85,314.58,113.68,2998.11
4792,4251,2016-09-29,497,22,13,532,2480.03,164.78,105.56,2750.37
4793,4251,2016-10-29,495,166,22,683,2470.05,1243.34,178.64,3892.03
4794,4251,2016-11-27,502,25,0,527,2504.98,187.25,0,2692.23
4795,4251,2016-12-26,588,1,4,593,2934.12,7.49,32.48,2974.09
4796,4261,2016-06-26,92,32,24,148,459.08,239.68,194.88,893.64
4797,4261,2016-07-25,95,44,0,139,474.05,329.56,0,803.61
4798,4261,2016-08-23,94,42,15,151,469.06,314.58,121.8,905.44
4799,4261,2016-09-21,98,12,86,196,489.02,89.88,698.32,1277.22
4800,4261,2016-10-20,158,46,57,261,788.42,344.54,462.84,1595.8
4801,4271,2014-12-14,150,15,6,171,748.5,112.35,48.72,909.57
4802,4281,2014-12-21,500,0,82,582,2495,0,665.84,3160.84
4803,4281,2015-01-19,501,6,0,507,2499.99,44.94,0,2544.93
4804,4281,2015-02-17,499,0,0,499,2490.01,0,0,2490.01
4805,4281,2015-03-18,507,7,0,514,2529.93,52.43,0,2582.36
4806,4281,2015-04-16,484,0,9,493,2415.16,0,73.08,2488.24
4807,4281,2015-05-15,492,12,3,507,2455.08,89.88,24.36,2569.32
4808,4281,2015-06-13,498,7,0,505,2485.02,52.43,0,2537.45
4809,4281,2015-07-13,509,34,10,553,2539.91,254.66,81.2,2875.77
4810,4281,2015-08-11,486,16,0,502,2425.14,119.84,0,2544.98
4811,4281,2015-09-10,505,509,0,1014,2519.95,3812.41,0,6332.36
4812,4281,2015-10-10,457,2,16,475,2280.43,14.98,129.92,2425.33
4813,4281,2015-11-08,496,81,9,586,2475.04,606.69,73.08,3154.81
4814,4281,2015-12-08,504,19,0,523,2514.96,142.31,0,2657.27
4815,4281,2016-01-07,490,24,4,518,2445.1,179.76,32.48,2657.34
4816,4281,2016-02-05,505,26,16,547,2519.95,194.74,129.92,2844.61
4817,4281,2016-03-05,494,178,6,678,2465.06,1333.22,48.72,3847
4818,4281,2016-04-03,473,1,8,482,2360.27,7.49,64.96,2432.72
4819,4281,2016-05-02,522,429,0,951,2604.78,3213.21,0,5817.99
4820,4281,2016-06-01,499,60,20,579,2490.01,449.4,162.4,3101.81
4821,4281,2016-07-01,513,6,9,528,2559.87,44.94,73.08,2677.89
4822,4281,2016-07-30,495,12,0,507,2470.05,89.88,0,2559.93
4823,4281,2016-08-28,459,10,7,476,2290.41,74.9,56.84,2422.15
4824,4281,2016-09-21,472,26,233,731,2355.28,194.74,1891.96,4441.98
4825,4281,2016-10-20,499,26,0,525,2490.01,194.74,0,2684.75
4826,4291,2014-12-08,345,26,53,424,1721.55,194.74,430.36,2346.65
4827,4291,2015-01-06,304,24,9,337,1516.96,179.76,73.08,1769.8
4828,4291,2015-02-05,250,14,10,274,1247.5,104.86,81.2,1433.56
4829,4291,2015-03-06,161,26,8,195,803.39,194.74,64.96,1063.09
4830,4291,2015-04-05,311,44,17,372,1551.89,329.56,138.04,2019.49
4831,4291,2015-05-04,308,30,22,360,1536.92,224.7,178.64,1940.26
4832,4291,2015-06-03,306,262,18,586,1526.94,1962.38,146.16,3635.48
4833,4291,2015-07-03,284,36,0,320,1417.16,269.64,0,1686.8
4834,4291,2015-08-02,316,33,30,379,1576.84,247.17,243.6,2067.61
4835,4291,2015-08-31,302,27,8,337,1506.98,202.23,64.96,1774.17
4836,4291,2015-09-29,302,128,36,466,1506.98,958.72,292.32,2758.02
4837,4291,2015-10-28,301,28,43,372,1501.99,209.72,349.16,2060.87
4838,4291,2015-11-26,272,56,57,385,1357.28,419.44,462.84,2239.56
4839,4291,2015-12-25,307,0,26,333,1531.93,0,211.12,1743.05
4840,4291,2016-01-23,299,0,20,319,1492.01,0,162.4,1654.41
4841,4291,2016-02-21,310,48,5,363,1546.9,359.52,40.6,1947.02
4842,4291,2016-03-22,304,0,0,304,1516.96,0,0,1516.96
4843,4291,2016-04-21,293,0,8,301,1462.07,0,64.96,1527.03
4844,4291,2016-05-21,300,53,19,372,1497,396.97,154.28,2048.25
4845,4291,2016-06-19,334,32,3,369,1666.66,239.68,24.36,1930.7
4846,4291,2016-07-18,297,57,0,354,1482.03,426.93,0,1908.96
4847,4291,2016-08-17,298,20,30,348,1487.02,149.8,243.6,1880.42
4848,4291,2016-09-15,365,31,26,422,1821.35,232.19,211.12,2264.66
4849,4291,2016-10-15,315,29,0,344,1571.85,217.21,0,1789.06
4850,4291,2016-11-13,298,177,41,516,1487.02,1325.73,332.92,3145.67
4851,4291,2016-12-13,263,21,19,303,1312.37,157.29,154.28,1623.94
4852,4301,2016-01-12,139,0,25,164,693.61,0,203,896.61
4853,4301,2016-02-11,147,9,0,156,733.53,67.41,0,800.94
4854,4301,2016-03-12,116,41,46,203,578.84,307.09,373.52,1259.45
4855,4301,2016-04-10,134,6,0,140,668.66,44.94,0,713.6
4856,4301,2016-05-10,146,5,0,151,728.54,37.45,0,765.99
4857,4301,2016-06-08,347,791,14,1152,1731.53,5924.59,113.68,7769.8
4858,4301,2016-07-07,151,56,12,219,753.49,419.44,97.44,1270.37
4859,4301,2016-08-06,147,0,242,389,733.53,0,1965.04,2698.57
4860,4311,2016-07-31,508,17,10,535,2534.92,127.33,81.2,2743.45
4861,4311,2016-08-29,638,11,1,650,3183.62,82.39,8.12,3274.13
4862,4311,2016-09-27,505,19,28,552,2519.95,142.31,227.36,2889.62
4863,4311,2016-10-26,502,15,21,538,2504.98,112.35,170.52,2787.85
4864,4311,2016-11-24,515,35,6,556,2569.85,262.15,48.72,2880.72
4865,4311,2016-12-24,466,0,0,466,2325.34,0,0,2325.34
4866,4321,2014-12-15,305,68830,16,69151,1521.95,515536.7,129.92,517188.57
4867,4321,2015-01-13,298,19,24,341,1487.02,142.31,194.88,1824.21
4868,4321,2015-02-12,291,32,19,342,1452.09,239.68,154.28,1846.05
4869,4321,2015-03-14,305,26,21,352,1521.95,194.74,170.52,1887.21
4870,4321,2015-04-12,307,49,20,376,1531.93,367.01,162.4,2061.34
4871,4321,2015-05-12,313,17,23,353,1561.87,127.33,186.76,1875.96
4872,4321,2015-06-10,298,15,23,336,1487.02,112.35,186.76,1786.13
4873,4321,2015-07-09,265,25,10,300,1322.35,187.25,81.2,1590.8
4874,4321,2015-08-07,298,53,24,375,1487.02,396.97,194.88,2078.87
4875,4321,2015-09-06,289,22,24,335,1442.11,164.78,194.88,1801.77
4876,4321,2015-10-05,292,25,146,463,1457.08,187.25,1185.52,2829.85
4877,4321,2015-11-03,135,21,0,156,673.65,157.29,0,830.94
4878,4321,2015-12-03,296,35,15,346,1477.04,262.15,121.8,1860.99
4879,4321,2016-01-02,310,38,4435,4783,1546.9,284.62,36012.2,37843.72
4880,4321,2016-01-31,296,33,9,338,1477.04,247.17,73.08,1797.29
4881,4321,2016-02-29,352,68,31,451,1756.48,509.32,251.72,2517.52
4882,4321,2016-03-30,292,29,23,344,1457.08,217.21,186.76,1861.05
4883,4321,2016-04-28,247,3,1,251,1232.53,22.47,8.12,1263.12
4884,4321,2016-05-27,298,92,79,469,1487.02,689.08,641.48,2817.58
4885,4321,2016-06-25,298,57,22,377,1487.02,426.93,178.64,2092.59
4886,4321,2016-07-24,311,125,24,460,1551.89,936.25,194.88,2683.02
4887,4321,2016-08-22,291,40,13,344,1452.09,299.6,105.56,1857.25
4888,4321,2016-09-20,294,23,21,338,1467.06,172.27,170.52,1809.85
4889,4321,2016-10-20,294,30,12,336,1467.06,224.7,97.44,1789.2
4890,4321,2016-11-18,338,45,19,402,1686.62,337.05,154.28,2177.95
4891,4321,2016-12-18,294,26,16,336,1467.06,194.74,129.92,1791.72
4892,4331,2014-12-14,101,27,23,151,503.99,202.23,186.76,892.98
4893,4331,2015-01-13,108,27,28,163,538.92,202.23,227.36,968.51
4894,4331,2015-02-12,107,23,26,156,533.93,172.27,211.12,917.32
4895,4331,2015-03-13,89,68,43,200,444.11,509.32,349.16,1302.59
4896,4341,2014-12-11,108,68,108,284,538.92,509.32,876.96,1925.2
4897,4341,2015-01-10,108,19,34,161,538.92,142.31,276.08,957.31
4898,4341,2015-02-08,294,0,55,349,1467.06,0,446.6,1913.66
4899,4341,2015-03-09,115,26,33,174,573.85,194.74,267.96,1036.55
4900,4341,2015-04-07,109,25,31,165,543.91,187.25,251.72,982.88
4901,4341,2015-05-07,98,52,36,186,489.02,389.48,292.32,1170.82
4902,4341,2015-06-06,94,33,45,172,469.06,247.17,365.4,1081.63
4903,4341,2015-07-06,92,43,29,164,459.08,322.07,235.48,1016.63
4904,4341,2015-08-04,75,28,91,194,374.25,209.72,738.92,1322.89
4905,4341,2015-09-03,106,36,69,211,528.94,269.64,560.28,1358.86
4906,4341,2015-10-02,82,22,21,125,409.18,164.78,170.52,744.48
4907,4341,2015-11-01,85,18,3,106,424.15,134.82,24.36,583.33
4908,4341,2015-12-01,94,29,28,151,469.06,217.21,227.36,913.63
4909,4351,2014-12-19,158,29,35,222,788.42,217.21,284.2,1289.83
4910,4361,2016-06-25,292,51,16,359,1457.08,381.99,129.92,1968.99
4911,4361,2016-07-25,297,28,320,645,1482.03,209.72,2598.4,4290.15
4912,4361,2016-08-24,295,99,42,436,1472.05,741.51,341.04,2554.6
4913,4361,2016-09-23,293,32,0,325,1462.07,239.68,0,1701.75
4914,4361,2016-10-23,286,39,9,334,1427.14,292.11,73.08,1792.33
4915,4361,2016-11-21,305,19,11,335,1521.95,142.31,89.32,1753.58
4916,4361,2016-12-21,0,12,20,32,0,89.88,162.4,252.28
4917,4371,2015-01-17,98,0,10,108,489.02,0,81.2,570.22
4918,4371,2015-02-15,106,0,21,127,528.94,0,170.52,699.46
4919,4371,2015-03-17,154,0,20,174,768.46,0,162.4,930.86
4920,4371,2015-04-15,147,9,0,156,733.53,67.41,0,800.94
4921,4371,2015-05-15,142,8,21,171,708.58,59.92,170.52,939.02
4922,4371,2015-06-13,159,282,13,454,793.41,2112.18,105.56,3011.15
4923,4371,2015-07-13,153,6,19,178,763.47,44.94,154.28,962.69
4924,4371,2015-08-12,160,0,0,160,798.4,0,0,798.4
4925,4371,2015-09-10,270,0,13,283,1347.3,0,105.56,1452.86
4926,4371,2015-10-09,144,10,0,154,718.56,74.9,0,793.46
4927,4371,2015-11-08,381,6,10,397,1901.19,44.94,81.2,2027.33
4928,4371,2015-12-08,156,4,0,160,778.44,29.96,0,808.4
4929,4371,2016-01-07,134,62,14,210,668.66,464.38,113.68,1246.72
4930,4371,2016-02-05,152,0,10,162,758.48,0,81.2,839.68
4931,4371,2016-03-05,319,0,13,332,1591.81,0,105.56,1697.37
4932,4371,2016-04-03,72,0,0,72,359.28,0,0,359.28
4933,4371,2016-05-02,113,0,19,132,563.87,0,154.28,718.15
4934,4371,2016-05-31,131,39,0,170,653.69,292.11,0,945.8
4935,4371,2016-06-29,96,11,9,116,479.04,82.39,73.08,634.51
4936,4371,2016-07-28,147,15,20,182,733.53,112.35,162.4,1008.28
4937,4381,2016-05-21,300,33,0,333,1497,247.17,0,1744.17
4938,4381,2016-06-19,309,33,0,342,1541.91,247.17,0,1789.08
4939,4381,2016-07-18,294,31,9,334,1467.06,232.19,73.08,1772.33
4940,4381,2016-08-16,327,29,12,368,1631.73,217.21,97.44,1946.38
4941,4381,2016-09-15,305,33,21,359,1521.95,247.17,170.52,1939.64
4942,4381,2016-10-14,317,27,47,391,1581.83,202.23,381.64,2165.7
4943,4381,2016-11-12,308,0,50,358,1536.92,0,406,1942.92
4944,4381,2016-12-11,300,26,55,381,1497,194.74,446.6,2138.34
4945,4391,2016-08-08,307,39,57,403,1531.93,292.11,462.84,2286.88
4946,4391,2016-09-06,332,19,64,415,1656.68,142.31,519.68,2318.67
4947,4391,2016-10-05,259,28,35,322,1292.41,209.72,284.2,1786.33
4948,4391,2016-11-03,297,0,19,316,1482.03,0,154.28,1636.31
4949,4391,2016-12-03,299,29,74,402,1492.01,217.21,600.88,2310.1
4950,4391,2017-01-01,307,22,21,350,1531.93,164.78,170.52,1867.23
4951,4401,2014-12-14,496,17,0,513,2475.04,127.33,0,2602.37
4952,4401,2015-01-13,358,16,15,389,1786.42,119.84,121.8,2028.06
4953,4401,2015-02-11,511,7,0,518,2549.89,52.43,0,2602.32
4954,4401,2015-03-13,0,0,0,0,0,0,0,0
4955,4401,2015-04-12,505,22,9,536,2519.95,164.78,73.08,2757.81
4956,4401,2015-05-12,489,0,28,517,2440.11,0,227.36,2667.47
4957,4401,2015-06-11,571,0,43,614,2849.29,0,349.16,3198.45
4958,4401,2015-07-10,487,0,30,517,2430.13,0,243.6,2673.73
4959,4401,2015-08-08,494,0,10,504,2465.06,0,81.2,2546.26
4960,4401,2015-09-07,488,8,6,502,2435.12,59.92,48.72,2543.76
4961,4401,2015-10-06,498,245,16,759,2485.02,1835.05,129.92,4449.99
4962,4401,2015-11-04,500,12,0,512,2495,89.88,0,2584.88
4963,4401,2015-12-04,493,15,15,523,2460.07,112.35,121.8,2694.22
4964,4401,2016-01-03,496,0,50,546,2475.04,0,406,2881.04
4965,4401,2016-02-01,546,5,0,551,2724.54,37.45,0,2761.99
4966,4401,2016-03-01,1767,4,24,1795,8817.33,29.96,194.88,9042.17
4967,4401,2016-03-31,473,10,28,511,2360.27,74.9,227.36,2662.53
4968,4401,2016-04-29,476,11,0,487,2375.24,82.39,0,2457.63
4969,4401,2016-05-29,495,17,20,532,2470.05,127.33,162.4,2759.78
4970,4401,2016-06-28,463,10,0,473,2310.37,74.9,0,2385.27
4971,4401,2016-07-28,501,7,6,514,2499.99,52.43,48.72,2601.14
4972,4401,2016-08-27,500,0,15,515,2495,0,121.8,2616.8
4973,4401,2016-09-25,504,29,1528,2061,2514.96,217.21,12407.36,15139.53
4974,4401,2016-10-25,486,0,15,501,2425.14,0,121.8,2546.94
4975,4401,2016-11-24,499,86,9,594,2490.01,644.14,73.08,3207.23
4976,4401,2016-12-23,504,0,6,510,2514.96,0,48.72,2563.68
4977,4411,2015-08-02,316,13,11,340,1576.84,97.37,89.32,1763.53
4978,4411,2015-09-01,273,23,11,307,1362.27,172.27,89.32,1623.86
4979,4411,2015-09-30,290,0,32,322,1447.1,0,259.84,1706.94
4980,4411,2015-10-29,283,16,0,299,1412.17,119.84,0,1532.01
4981,4411,2015-11-27,293,10,23,326,1462.07,74.9,186.76,1723.73
4982,4411,2015-12-26,295,15,0,310,1472.05,112.35,0,1584.4
4983,4411,2016-01-24,313,29,33,375,1561.87,217.21,267.96,2047.04
4984,4411,2016-02-23,299,89,52,440,1492.01,666.61,422.24,2580.86
4985,4411,2016-03-24,301,49,17,367,1501.99,367.01,138.04,2007.04
4986,4411,2016-04-22,287,19,16,322,1432.13,142.31,129.92,1704.36
4987,4411,2016-05-22,256,0,118,374,1277.44,0,958.16,2235.6
4988,4411,2016-06-20,277,0,31,308,1382.23,0,251.72,1633.95
4989,4411,2016-07-20,304,27,223,554,1516.96,202.23,1810.76,3529.95
4990,4411,2016-08-19,305,28,0,333,1521.95,209.72,0,1731.67
4991,4411,2016-09-17,293,23,75,391,1462.07,172.27,609,2243.34
4992,4411,2016-10-17,304,60,14,378,1516.96,449.4,113.68,2080.04
4993,4411,2016-11-15,252,19,21,292,1257.48,142.31,170.52,1570.31
4994,4411,2016-12-15,426,1659,0,2085,2125.74,12425.91,0,14551.65
4995,4421,2014-12-23,70,26,29,125,349.3,194.74,235.48,779.52
4996,4421,2015-01-21,107,27,40,174,533.93,202.23,324.8,1060.96
4997,4421,2015-02-20,76,33,26,135,379.24,247.17,211.12,837.53
4998,4421,2015-03-22,95,35,18,148,474.05,262.15,146.16,882.36
4999,4421,2015-04-20,100,36,59,195,499,269.64,479.08,1247.72
5000,4421,2015-05-19,110,35,24,169,548.9,262.15,194.88,1005.93
5001,4421,2015-06-18,88,35,19,142,439.12,262.15,154.28,855.55
5002,4421,2015-07-17,113,93,42,248,563.87,696.57,341.04,1601.48
5003,4421,2015-08-15,71,14,27,112,354.29,104.86,219.24,678.39
5004,4421,2015-09-13,75,101,55,231,374.25,756.49,446.6,1577.34
5005,4421,2015-10-13,94,60,26,180,469.06,449.4,211.12,1129.58
5006,4421,2015-11-11,107,0,40,147,533.93,0,324.8,858.73
5007,4421,2015-12-10,101,18,32,151,503.99,134.82,259.84,898.65
5008,4421,2016-01-08,83,17,25,125,414.17,127.33,203,744.5
5009,4421,2016-02-06,109,42,25,176,543.91,314.58,203,1061.49
5010,4421,2016-03-06,106,28,0,134,528.94,209.72,0,738.66
5011,4421,2016-04-05,113,15,148,276,563.87,112.35,1201.76,1877.98
5012,4421,2016-05-04,97,11,35,143,484.03,82.39,284.2,850.62
5013,4421,2016-07-03,99,0,39,138,494.01,0,316.68,810.69
5014,4421,2016-08-01,102,50,34,186,508.98,374.5,276.08,1159.56
5015,4421,2016-08-31,118,0,43,161,588.82,0,349.16,937.98
5016,4421,2016-09-30,44,17,21,82,219.56,127.33,170.52,517.41
5017,4421,2016-10-30,113,0,31,144,563.87,0,251.72,815.59
5018,4421,2016-11-29,79,22,17,118,394.21,164.78,138.04,697.03
5019,4421,2016-12-28,122,21,42,185,608.78,157.29,341.04,1107.11
5020,4431,2014-12-18,488,16,0,504,2435.12,119.84,0,2554.96
5021,4431,2015-01-17,507,0,0,507,2529.93,0,0,2529.93
5022,4431,2015-03-16,649,16,19,684,3238.51,119.84,154.28,3512.63
5023,4431,2015-04-14,476,2,28,506,2375.24,14.98,227.36,2617.58
5024,4431,2015-05-14,488,29,13,530,2435.12,217.21,105.56,2757.89
5025,4431,2015-06-13,500,14,7,521,2495,104.86,56.84,2656.7
5026,4431,2015-07-13,494,64,174,732,2465.06,479.36,1412.88,4357.3
5027,4431,2015-08-11,761,0,0,761,3797.39,0,0,3797.39
5028,4431,2015-09-09,488,58,8,554,2435.12,434.42,64.96,2934.5
5029,4431,2015-10-09,490,0,4,494,2445.1,0,32.48,2477.58
5030,4431,2015-11-07,507,8,13,528,2529.93,59.92,105.56,2695.41
5031,4431,2015-12-07,487,143,246,876,2430.13,1071.07,1997.52,5498.72
5032,4431,2016-01-05,509,16,4,529,2539.91,119.84,32.48,2692.23
5033,4431,2016-02-03,512,1,14,527,2554.88,7.49,113.68,2676.05
5034,4431,2016-03-04,518,0,15,533,2584.82,0,121.8,2706.62
5035,4431,2016-04-03,499,0,11,510,2490.01,0,89.32,2579.33
5036,4431,2016-05-03,369,0,0,369,1841.31,0,0,1841.31
5037,4431,2016-06-02,466,8,11,485,2325.34,59.92,89.32,2474.58
5038,4431,2016-07-01,571,0,0,571,2849.29,0,0,2849.29
5039,4431,2016-07-31,495,16,0,511,2470.05,119.84,0,2589.89
5040,4441,2014-12-19,317,36,22,375,1581.83,269.64,178.64,2030.11
5041,4441,2015-01-17,261,8,17,286,1302.39,59.92,138.04,1500.35
5042,4441,2015-02-16,332,92,30,454,1656.68,689.08,243.6,2589.36
5043,4441,2015-03-18,295,11,28,334,1472.05,82.39,227.36,1781.8
5044,4441,2015-04-17,294,28,41,363,1467.06,209.72,332.92,2009.7
5045,4441,2015-05-16,287,30,43,360,1432.13,224.7,349.16,2005.99
5046,4441,2015-06-15,327,39,26,392,1631.73,292.11,211.12,2134.96
5047,4451,2014-12-21,96,34,27,157,479.04,254.66,219.24,952.94
5048,4451,2015-01-20,96,8,23,127,479.04,59.92,186.76,725.72
5049,4461,2014-12-10,455,0,0,455,2270.45,0,0,2270.45
5050,4461,2015-01-09,427,15,7,449,2130.73,112.35,56.84,2299.92
5051,4461,2015-02-07,523,5,25,553,2609.77,37.45,203,2850.22
5052,4461,2015-03-08,508,19,9,536,2534.92,142.31,73.08,2750.31
5053,4461,2015-04-07,502,26,0,528,2504.98,194.74,0,2699.72
5054,4461,2015-05-06,501,12,21,534,2499.99,89.88,170.52,2760.39
5055,4461,2015-06-05,449,0,0,449,2240.51,0,0,2240.51
5056,4461,2015-07-04,498,25,5,528,2485.02,187.25,40.6,2712.87
5057,4461,2015-08-03,503,47,22,572,2509.97,352.03,178.64,3040.64
5058,4461,2015-09-02,493,36,0,529,2460.07,269.64,0,2729.71
5059,4461,2015-10-02,564,20,8,592,2814.36,149.8,64.96,3029.12
5060,4461,2015-10-31,496,15,0,511,2475.04,112.35,0,2587.39
5061,4461,2015-11-29,504,57,6,567,2514.96,426.93,48.72,2990.61
5062,4461,2015-12-29,496,14,2,512,2475.04,104.86,16.24,2596.14
5063,4461,2016-01-28,498,0,0,498,2485.02,0,0,2485.02
5064,4461,2016-03-27,485,0,355,840,2420.15,0,2882.6,5302.75
5065,4461,2016-04-26,602,12,100,714,3003.98,89.88,812,3905.86
5066,4461,2016-05-25,411,26,15,452,2050.89,194.74,121.8,2367.43
5067,4461,2016-06-23,492,12,0,504,2455.08,89.88,0,2544.96
5068,4461,2016-07-22,508,18,0,526,2534.92,134.82,0,2669.74
5069,4461,2016-08-21,500,27,0,527,2495,202.23,0,2697.23
5070,4461,2016-09-20,498,4,10,512,2485.02,29.96,81.2,2596.18
5071,4461,2016-10-20,487,1,16,504,2430.13,7.49,129.92,2567.54
5072,4461,2016-11-18,505,50,140,695,2519.95,374.5,1136.8,4031.25
5073,4461,2016-12-17,500,7,0,507,2495,52.43,0,2547.43
5074,4471,2016-11-03,115,12,0,127,573.85,89.88,0,663.73
5075,4471,2016-12-02,153,31,62,246,763.47,232.19,503.44,1499.1
5076,4471,2017-01-01,142,14,0,156,708.58,104.86,0,813.44
5077,4481,2014-12-06,505,11,6,522,2519.95,82.39,48.72,2651.06
5078,4481,2015-01-05,483,2,10,495,2410.17,14.98,81.2,2506.35
5079,4481,2015-02-04,497,14,10,521,2480.03,104.86,81.2,2666.09
5080,4481,2015-03-05,660,11,3,674,3293.4,82.39,24.36,3400.15
5081,4481,2015-04-03,505,0,6,511,2519.95,0,48.72,2568.67
5082,4481,2015-05-03,491,31,17,539,2450.09,232.19,138.04,2820.32
5083,4481,2015-06-02,492,6,1,499,2455.08,44.94,8.12,2508.14
5084,4481,2015-07-01,503,30,27,560,2509.97,224.7,219.24,2953.91
5085,4481,2015-07-30,509,7,1,517,2539.91,52.43,8.12,2600.46
5086,4481,2015-08-29,438,3,0,441,2185.62,22.47,0,2208.09
5087,4481,2015-09-27,369,6,11,386,1841.31,44.94,89.32,1975.57
5088,4481,2015-10-26,526,6,0,532,2624.74,44.94,0,2669.68
5089,4481,2015-11-24,288,0,89,377,1437.12,0,722.68,2159.8
5090,4481,2015-12-24,501,0,7,508,2499.99,0,56.84,2556.83
5091,4481,2016-01-23,516,12,18,546,2574.84,89.88,146.16,2810.88
5092,4481,2016-02-21,567,5,11,583,2829.33,37.45,89.32,2956.1
5093,4481,2016-03-21,308,11,60,379,1536.92,82.39,487.2,2106.51
5094,4481,2016-04-19,489,11,1,501,2440.11,82.39,8.12,2530.62
5095,4481,2016-05-19,495,11,24,530,2470.05,82.39,194.88,2747.32
5096,4481,2016-06-17,433,0,0,433,2160.67,0,0,2160.67
5097,4481,2016-07-16,500,24,11,535,2495,179.76,89.32,2764.08
5098,4481,2016-08-15,500,34,11,545,2495,254.66,89.32,2838.98
5099,4481,2016-09-13,484,0,0,484,2415.16,0,0,2415.16
5100,4481,2016-10-13,463,0,0,463,2310.37,0,0,2310.37
5101,4481,2016-11-11,478,6,26,510,2385.22,44.94,211.12,2641.28
5102,4481,2016-12-11,543,9,0,552,2709.57,67.41,0,2776.98
5103,4491,2014-12-03,491,0,38,529,2450.09,0,308.56,2758.65
5104,4491,2015-01-01,492,0,31,523,2455.08,0,251.72,2706.8
5105,4491,2015-01-31,494,163,5,662,2465.06,1220.87,40.6,3726.53
5106,4491,2015-03-02,493,0,9,502,2460.07,0,73.08,2533.15
5107,4491,2015-03-31,509,17,0,526,2539.91,127.33,0,2667.24
5108,4491,2015-04-30,487,26,27,540,2430.13,194.74,219.24,2844.11
5109,4491,2015-05-30,604,8,62,674,3013.96,59.92,503.44,3577.32
5110,4491,2015-06-29,442,6,0,448,2205.58,44.94,0,2250.52
5111,4491,2015-07-29,502,12,63,577,2504.98,89.88,511.56,3106.42
5112,4491,2015-08-28,494,0,7,501,2465.06,0,56.84,2521.9
5113,4491,2015-09-27,504,0,0,504,2514.96,0,0,2514.96
5114,4491,2015-10-27,442,0,16,458,2205.58,0,129.92,2335.5
5115,4491,2015-11-25,545,12,0,557,2719.55,89.88,0,2809.43
5116,4491,2015-12-25,482,46,3,531,2405.18,344.54,24.36,2774.08
5117,4491,2016-01-24,499,17,0,516,2490.01,127.33,0,2617.34
5118,4491,2016-02-22,370,41,0,411,1846.3,307.09,0,2153.39
5119,4491,2016-03-23,451,0,0,451,2250.49,0,0,2250.49
5120,4491,2016-04-22,502,6,2,510,2504.98,44.94,16.24,2566.16
5121,4491,2016-05-22,465,16,1,482,2320.35,119.84,8.12,2448.31
5122,4491,2016-06-20,475,55,15,545,2370.25,411.95,121.8,2904
5123,4491,2016-07-19,498,4,20,522,2485.02,29.96,162.4,2677.38
5124,4491,2016-08-18,483,19,3,505,2410.17,142.31,24.36,2576.84
5125,4491,2016-09-17,497,15,3,515,2480.03,112.35,24.36,2616.74
5126,4491,2016-10-17,6,47,15,68,29.94,352.03,121.8,503.77
5127,4491,2016-11-15,530,0,0,530,2644.7,0,0,2644.7
5128,4491,2016-12-15,522,17,22,561,2604.78,127.33,178.64,2910.75
5129,4501,2016-07-04,505,0,36,541,2519.95,0,292.32,2812.27
5130,4501,2016-08-02,499,0,5,504,2490.01,0,40.6,2530.61
5131,4501,2016-09-01,497,10,70,577,2480.03,74.9,568.4,3123.33
5132,4501,2016-10-01,424,10,14,448,2115.76,74.9,113.68,2304.34
5133,4501,2016-10-30,481,9,8,498,2400.19,67.41,64.96,2532.56
5134,4501,2016-11-29,493,12,21,526,2460.07,89.88,170.52,2720.47
5135,4501,2016-12-28,544,7,9,560,2714.56,52.43,73.08,2840.07
5136,1001,2015-02-12,116,351,319,786,578.84,2628.99,2590.28,5798.11
5137,1001,2015-04-12,0,495,289,784,0,3707.55,2346.68,6054.23
5138,1001,2015-05-12,29,529,276,834,144.71,3962.21,2241.12,6348.04
5139,1001,2015-06-11,32,512,449,993,159.68,3834.88,3645.88,7640.44
5140,1001,2015-08-08,145,431,181,757,723.55,3228.19,1469.72,5421.46
5141,1001,2015-10-04,132,0,13,145,658.68,0,105.56,764.24
5142,1001,2015-11-02,60,412,311,783,299.4,3085.88,2525.32,5910.6
5143,1001,2015-12-31,73,477,285,835,364.27,3572.73,2314.2,6251.2
5144,1001,2016-01-30,0,586,287,873,0,4389.14,2330.44,6719.58
5145,1001,2016-02-28,0,544,316,860,0,4074.56,2565.92,6640.48
5146,1001,2016-06-25,75,355,356,786,374.25,2658.95,2890.72,5923.92
5147,1001,2016-07-24,0,620,292,912,0,4643.8,2371.04,7014.84
5148,1001,2016-08-23,0,453,0,453,0,3392.97,0,3392.97
5149,1001,2016-09-21,121,588,187,896,603.79,4404.12,1518.44,6526.35
5150,1001,2016-10-20,73,149,395,617,364.27,1116.01,3207.4,4687.68
5151,1001,2016-11-19,62,499,252,813,309.38,3737.51,2046.24,6093.13
5152,1001,2016-12-18,0,574,357,931,0,4299.26,2898.84,7198.1
5153,1011,2015-01-01,0,506,0,506,0,3789.94,0,3789.94
5154,1011,2015-01-31,119,525,351,995,593.81,3932.25,2850.12,7376.18
5155,1011,2015-03-01,151,494,289,934,753.49,3700.06,2346.68,6800.23
5156,1011,2015-03-31,298,492,480,1270,1487.02,3685.08,3897.6,9069.7
5157,1011,2015-04-29,0,527,319,846,0,3947.23,2590.28,6537.51
5158,1011,2015-05-29,85,383,323,791,424.15,2868.67,2622.76,5915.58
5159,1011,2015-08-25,124,459,277,860,618.76,3437.91,2249.24,6305.91
5160,1011,2015-10-24,66,0,281,347,329.34,0,2281.72,2611.06
5161,1011,2015-12-22,0,482,381,863,0,3610.18,3093.72,6703.9
5162,1011,2016-01-20,77,688,325,1090,384.23,5153.12,2639,8176.35
5163,1011,2016-02-18,160,518,261,939,798.4,3879.82,2119.32,6797.54
5164,1011,2016-04-17,76,385,308,769,379.24,2883.65,2500.96,5763.85
5165,1011,2016-07-16,0,628,225,853,0,4703.72,1827,6530.72
5166,1011,2016-10-13,0,548,6196,6744,0,4104.52,50311.52,54416.04
5167,1011,2016-11-12,107,503,277,887,533.93,3767.47,2249.24,6550.64
5168,1021,2014-12-17,491,565,0,1056,2450.09,4231.85,0,6681.94
5169,1021,2015-01-16,581,615,97,1293,2899.19,4606.35,787.64,8293.18
5170,1021,2015-07-13,597,553,151,1301,2979.03,4141.97,1226.12,8347.12
5171,1021,2015-09-10,4236,807,221,5264,21137.64,6044.43,1794.52,28976.59
5172,1021,2015-11-07,179,601,167,947,893.21,4501.49,1356.04,6750.74
5173,1021,2015-12-07,515,598,196,1309,2569.85,4479.02,1591.52,8640.39
5174,1031,2016-09-30,0,781,249,1030,0,5849.69,2021.88,7871.57
5175,1031,2016-10-30,0,579,358,937,0,4336.71,2906.96,7243.67
5176,1031,2016-11-28,91,621,370,1082,454.09,4651.29,3004.4,8109.78
5177,1031,2016-12-28,87,579,331,997,434.13,4336.71,2687.72,7458.56
5178,1041,2014-12-19,505,578,249,1332,2519.95,4329.22,2021.88,8871.05
5179,1041,2015-01-17,513,529,249,1291,2559.87,3962.21,2021.88,8543.96
5180,1041,2015-03-18,509,600,112,1221,2539.91,4494,909.44,7943.35
5181,1041,2015-06-14,510,674,76,1260,2544.9,5048.26,617.12,8210.28
5182,1041,2015-10-11,574,591,228,1393,2864.26,4426.59,1851.36,9142.21
5183,1041,2015-11-09,485,654,144,1283,2420.15,4898.46,1169.28,8487.89
5184,1041,2015-12-09,1361,1002,332,2695,6791.39,7504.98,2695.84,16992.21
5185,1041,2016-01-08,496,576,174,1246,2475.04,4314.24,1412.88,8202.16
5186,1041,2016-03-07,509,732,455,1696,2539.91,5482.68,3694.6,11717.19
5187,1041,2016-06-03,502,770,161,1433,2504.98,5767.3,1307.32,9579.6
5188,1041,2016-07-03,396,597,233,1226,1976.04,4471.53,1891.96,8339.53
5189,1051,2015-02-13,1149,655,6483,8287,5733.51,4905.95,52641.96,63281.42
5190,1051,2015-03-14,346,581,249,1176,1726.54,4351.69,2021.88,8100.11
5191,1051,2015-04-12,551,662,189,1402,2749.49,4958.38,1534.68,9242.55
5192,1051,2015-06-09,434,359,210,1003,2165.66,2688.91,1705.2,6559.77
5193,1051,2015-09-07,470,595,0,1065,2345.3,4456.55,0,6801.85
5194,1051,2015-10-07,513,1120,171,1804,2559.87,8388.8,1388.52,12337.19
5195,1051,2015-11-05,579,599,167,1345,2889.21,4486.51,1356.04,8731.76
5196,1051,2015-12-05,488,581,122,1191,2435.12,4351.69,990.64,7777.45
5197,1051,2016-02-03,432,0,603,1035,2155.68,0,4896.36,7052.04
5198,1051,2016-03-03,491,669,214,1374,2450.09,5010.81,1737.68,9198.58
5199,1051,2016-04-02,410,609,163,1182,2045.9,4561.41,1323.56,7930.87
5200,1051,2016-06-30,495,611,207,1313,2470.05,4576.39,1680.84,8727.28
5201,1051,2016-08-28,582,300,245,1127,2904.18,2247,1989.4,7140.58
5202,1051,2016-09-27,538,431,83,1052,2684.62,3228.19,673.96,6586.77
5203,1051,2016-10-27,0,607,171,778,0,4546.43,1388.52,5934.95
5204,1051,2016-11-26,292,564,171,1027,1457.08,4224.36,1388.52,7069.96
5205,1051,2016-12-26,416,665,182,1263,2075.84,4980.85,1477.84,8534.53
5206,1061,2015-01-10,93,91,106,290,464.07,681.59,860.72,2006.38
5207,1061,2015-02-08,0,75,0,75,0,561.75,0,561.75
5208,1061,2015-03-10,0,140,0,140,0,1048.6,0,1048.6
5209,1061,2015-05-07,67,199,57,323,334.33,1490.51,462.84,2287.68
5210,1061,2015-06-05,45,106,524,675,224.55,793.94,4254.88,5273.37
5211,1061,2015-08-04,118,0,0,118,588.82,0,0,588.82
5212,1061,2015-10-02,0,186,94,280,0,1393.14,763.28,2156.42
5213,1061,2015-10-31,0,0,157,157,0,0,1274.84,1274.84
5214,1061,2016-01-28,0,70,77,147,0,524.3,625.24,1149.54
5215,1061,2016-03-27,0,68,171,239,0,509.32,1388.52,1897.84
5216,1061,2016-04-25,0,94,97,191,0,704.06,787.64,1491.7
5217,1071,2014-12-10,34,385,239,658,169.66,2883.65,1940.68,4993.99
5218,1071,2015-01-09,15,528,244,787,74.85,3954.72,1981.28,6010.85
5219,1071,2015-02-08,63,320,348,731,314.37,2396.8,2825.76,5536.93
5220,1071,2015-03-09,197,503,303,1003,983.03,3767.47,2460.36,7210.86
5221,1071,2015-04-08,135,416,298,849,673.65,3115.84,2419.76,6209.25
5222,1071,2015-05-07,58,919,303,1280,289.42,6883.31,2460.36,9633.09
5223,1071,2015-06-05,263,260,352,875,1312.37,1947.4,2858.24,6118.01
5224,1071,2015-07-04,33,411,292,736,164.67,3078.39,2371.04,5614.1
5225,1071,2015-08-31,91,603,443,1137,454.09,4516.47,3597.16,8567.72
5226,1071,2015-12-29,0,465,340,805,0,3482.85,2760.8,6243.65
5227,1071,2016-01-27,67,604,275,946,334.33,4523.96,2233,7091.29
5228,1071,2016-02-26,0,520,344,864,0,3894.8,2793.28,6688.08
5229,1071,2016-04-25,35,508,416,959,174.65,3804.92,3377.92,7357.49
5230,1071,2016-05-25,49,520,243,812,244.51,3894.8,1973.16,6112.47
5231,1071,2016-06-24,0,607,307,914,0,4546.43,2492.84,7039.27
5232,1071,2016-07-23,312,839,247,1398,1556.88,6284.11,2005.64,9846.63
5233,1071,2016-08-21,0,494,250,744,0,3700.06,2030,5730.06
5234,1071,2016-09-19,138,353,298,789,688.62,2643.97,2419.76,5752.35
5235,1071,2016-11-18,0,472,345,817,0,3535.28,2801.4,6336.68
5236,1081,2015-01-24,111,0,0,111,553.89,0,0,553.89
5237,1081,2015-04-23,0,0,0,0,0,0,0,0
5238,1081,2015-05-22,0,29,89,118,0,217.21,722.68,939.89
5239,1081,2015-06-20,0,138,10,148,0,1033.62,81.2,1114.82
5240,1081,2015-07-19,748,0,31,779,3732.52,0,251.72,3984.24
5241,1081,2015-08-17,0,36,0,36,0,269.64,0,269.64
5242,1081,2015-09-15,0,56,286,342,0,419.44,2322.32,2741.76
5243,1081,2015-10-14,0,64,37,101,0,479.36,300.44,779.8
5244,1081,2016-01-09,0,41,61,102,0,307.09,495.32,802.41
5245,1081,2016-02-07,392,99,8,499,1956.08,741.51,64.96,2762.55
5246,1081,2016-03-08,0,85,12,97,0,636.65,97.44,734.09
5247,1081,2016-04-07,11,143,115,269,54.89,1071.07,933.8,2059.76
5248,1081,2016-08-02,0,0,17,17,0,0,138.04,138.04
5249,1081,2016-10-31,0,0,1,1,0,0,8.12,8.12
5250,1081,2016-11-29,30,391,0,421,149.7,2928.59,0,3078.29
5251,1081,2016-12-29,47,0,65,112,234.53,0,527.8,762.33
5252,1091,2015-01-04,69,507,357,933,344.31,3797.43,2898.84,7040.58
5253,1091,2015-02-03,59,642,40,741,294.41,4808.58,324.8,5427.79
5254,1091,2015-05-03,10,505,230,745,49.9,3782.45,1867.6,5699.95
5255,1091,2015-07-02,34,481,0,515,169.66,3602.69,0,3772.35
5256,1091,2015-08-01,25,486,395,906,124.75,3640.14,3207.4,6972.29
5257,1091,2015-08-30,49,328,186,563,244.51,2456.72,1510.32,4211.55
5258,1091,2015-09-29,92,566,307,965,459.08,4239.34,2492.84,7191.26
5259,1091,2015-10-28,142,595,252,989,708.58,4456.55,2046.24,7211.37
5260,1091,2015-11-26,109,483,286,878,543.91,3617.67,2322.32,6483.9
5261,1091,2015-12-26,0,390,492,882,0,2921.1,3995.04,6916.14
5262,1091,2016-02-23,0,494,717,1211,0,3700.06,5822.04,9522.1
5263,1091,2016-03-24,0,403,262,665,0,3018.47,2127.44,5145.91
5264,1091,2016-05-23,113,464,354,931,563.87,3475.36,2874.48,6913.71
5265,1091,2016-06-22,59,506,421,986,294.41,3789.94,3418.52,7502.87
5266,1091,2016-07-22,124,490,213,827,618.76,3670.1,1729.56,6018.42
5267,1091,2016-09-19,82,467,233,782,409.18,3497.83,1891.96,5798.97
5268,1091,2016-10-19,0,621,464,1085,0,4651.29,3767.68,8418.97
5269,1091,2016-11-18,30,518,600,1148,149.7,3879.82,4872,8901.52
5270,1091,2016-12-17,61,573,306,940,304.39,4291.77,2484.72,7080.88
5271,1101,2016-12-24,494,572,104,1170,2465.06,4284.28,844.48,7593.82
5272,1111,2015-01-11,5,243,337,585,24.95,1820.07,2736.44,4581.46
5273,1111,2015-02-10,37,569,285,891,184.63,4261.81,2314.2,6760.64
5274,1111,2015-04-10,0,461,354,815,0,3452.89,2874.48,6327.37
5275,1111,2015-06-09,98,460,284,842,489.02,3445.4,2306.08,6240.5
5276,1111,2015-08-08,466,253,601,1320,2325.34,1894.97,4880.12,9100.43
5277,1111,2015-09-07,0,553,270,823,0,4141.97,2192.4,6334.37
5278,1121,2014-12-12,0,0,42,42,0,0,341.04,341.04
5279,1121,2015-01-11,22,93,5,120,109.78,696.57,40.6,846.95
5280,1121,2015-06-08,4,89,53,146,19.96,666.61,430.36,1116.93
5281,1121,2015-07-08,89,0,0,89,444.11,0,0,444.11
5282,1121,2015-08-07,1034,0,281,1315,5159.66,0,2281.72,7441.38
5283,1121,2015-09-05,6,37,0,43,29.94,277.13,0,307.07
5284,1121,2015-11-04,0,162,144,306,0,1213.38,1169.28,2382.66
5285,1121,2016-02-01,36,0,24,60,179.64,0,194.88,374.52
5286,1121,2016-05-29,0,0,0,0,0,0,0,0
5287,1121,2016-07-27,4,111,118,233,19.96,831.39,958.16,1809.51
5288,1121,2016-10-25,0,0,0,0,0,0,0,0
5289,1121,2016-11-24,0,0,0,0,0,0,0,0
5290,1131,2015-04-03,0,60,70,130,0,449.4,568.4,1017.8
5291,1131,2015-05-02,3,439,0,442,14.97,3288.11,0,3303.08
5292,1131,2015-06-01,48,20,30,98,239.52,149.8,243.6,632.92
5293,1131,2015-06-30,0,0,46,46,0,0,373.52,373.52
5294,1131,2015-08-28,47,0,3,50,234.53,0,24.36,258.89
5295,1131,2015-09-26,0,0,0,0,0,0,0,0
5296,1131,2015-10-25,0,68,39,107,0,509.32,316.68,826
5297,1131,2015-11-23,0,168,68,236,0,1258.32,552.16,1810.48
5298,1141,2014-12-29,0,114,208,322,0,853.86,1688.96,2542.82
5299,1141,2015-01-28,180,142,446,768,898.2,1063.58,3621.52,5583.3
5300,1141,2015-02-26,0,0,0,0,0,0,0,0
5301,1151,2016-06-15,43,499,276,818,214.57,3737.51,2241.12,6193.2
5302,1151,2016-08-13,0,456,271,727,0,3415.44,2200.52,5615.96
5303,1151,2016-09-11,43,329,204,576,214.57,2464.21,1656.48,4335.26
5304,1151,2016-10-10,60,522,368,950,299.4,3909.78,2988.16,7197.34
5305,1161,2016-03-22,13,174,0,187,64.87,1303.26,0,1368.13
5306,1161,2016-09-15,67,68,57,192,334.33,509.32,462.84,1306.49
5307,1171,2014-12-18,33,938,262,1233,164.67,7025.62,2127.44,9317.73
5308,1171,2015-03-16,56,89,119,264,279.44,666.61,966.28,1912.33
5309,1171,2015-04-14,120,44,237,401,598.8,329.56,1924.44,2852.8
5310,1171,2015-05-14,0,659,0,659,0,4935.91,0,4935.91
5311,1181,2015-03-11,46,88,290,424,229.54,659.12,2354.8,3243.46
5312,1181,2015-04-09,6,0,0,6,29.94,0,0,29.94
5313,1181,2015-05-09,111,0,60,171,553.89,0,487.2,1041.09
5314,1181,2015-06-08,655,44,20,719,3268.45,329.56,162.4,3760.41
5315,1181,2015-10-05,0,1846,43,1889,0,13826.54,349.16,14175.7
5316,1181,2016-04-28,96,105,21,222,479.04,786.45,170.52,1436.01
5317,1181,2016-06-26,0,57,16,73,0,426.93,129.92,556.85
5318,1181,2016-08-24,95,30,356,481,474.05,224.7,2890.72,3589.47
5319,1181,2016-10-22,418,15,333,766,2085.82,112.35,2703.96,4902.13
5320,1181,2016-11-21,64,74,360,498,319.36,554.26,2923.2,3796.82
5321,1191,2014-12-29,12,406,317,735,59.88,3040.94,2574.04,5674.86
5322,1191,2015-01-27,47,92,260,399,234.53,689.08,2111.2,3034.81
5323,1191,2015-02-25,57,549,279,885,284.43,4112.01,2265.48,6661.92
5324,1191,2015-03-26,45,521,320,886,224.55,3902.29,2598.4,6725.24
5325,1191,2015-04-25,89,427,287,803,444.11,3198.23,2330.44,5972.78
5326,1191,2015-05-25,0,686,324,1010,0,5138.14,2630.88,7769.02
5327,1191,2015-07-23,60,536,3066,3662,299.4,4014.64,24895.92,29209.96
5328,1191,2015-08-21,56,447,263,766,279.44,3348.03,2135.56,5763.03
5329,1191,2015-10-20,0,532,259,791,0,3984.68,2103.08,6087.76
5330,1191,2015-11-19,77,537,246,860,384.23,4022.13,1997.52,6403.88
5331,1191,2015-12-19,104,267,345,716,518.96,1999.83,2801.4,5320.19
5332,1191,2016-01-17,91,528,292,911,454.09,3954.72,2371.04,6779.85
5333,1191,2016-05-13,42,692,427,1161,209.58,5183.08,3467.24,8859.9
5334,1191,2016-06-11,50,476,283,809,249.5,3565.24,2297.96,6112.7
5335,1191,2016-07-11,133,424,243,800,663.67,3175.76,1973.16,5812.59
5336,1191,2016-09-08,66,468,263,797,329.34,3505.32,2135.56,5970.22
5337,1191,2016-11-06,0,460,297,757,0,3445.4,2411.64,5857.04
5338,1201,2014-12-06,108,0,854,962,538.92,0,6934.48,7473.4
5339,1201,2015-02-02,73,485,419,977,364.27,3632.65,3402.28,7399.2
5340,1201,2015-04-02,40,530,163,733,199.6,3969.7,1323.56,5492.86
5341,1201,2015-05-31,51,499,335,885,254.49,3737.51,2720.2,6712.2
5342,1201,2015-07-29,72,424,352,848,359.28,3175.76,2858.24,6393.28
5343,1221,2014-12-15,0,67,0,67,0,501.83,0,501.83
5344,1221,2015-01-14,0,0,53,53,0,0,430.36,430.36
5345,1221,2015-02-13,0,77,49,126,0,576.73,397.88,974.61
5346,1221,2015-03-14,112,756,30,898,558.88,5662.44,243.6,6464.92
5347,1221,2015-04-13,8,63,51,122,39.92,471.87,414.12,925.91
5348,1221,2015-06-11,0,60,66,126,0,449.4,535.92,985.32
5349,1221,2015-09-07,4075,96,112,4283,20334.25,719.04,909.44,21962.73
5350,1221,2015-11-04,0,63,25,88,0,471.87,203,674.87
5351,1221,2016-02-01,6,0,0,6,29.94,0,0,29.94
5352,1221,2016-03-30,0,46,44,90,0,344.54,357.28,701.82
5353,1221,2016-04-28,112,0,77,189,558.88,0,625.24,1184.12
5354,1221,2016-05-27,51,67,31,149,254.49,501.83,251.72,1008.04
5355,1221,2016-07-24,0,101,0,101,0,756.49,0,756.49
5356,1221,2016-09-22,30,20,248,298,149.7,149.8,2013.76,2313.26
5357,1221,2016-10-21,0,130,33,163,0,973.7,267.96,1241.66
5358,1221,2016-11-20,76,0,176,252,379.24,0,1429.12,1808.36
5359,1231,2015-02-26,42,565,232,839,209.58,4231.85,1883.84,6325.27
5360,1251,2016-12-01,0,618,242,860,0,4628.82,1965.04,6593.86
5361,1271,2015-01-01,522,502,198,1222,2604.78,3759.98,1607.76,7972.52
5362,1281,2014-12-20,0,359,619,978,0,2688.91,5026.28,7715.19
5363,1281,2015-01-18,84,243,297,624,419.16,1820.07,2411.64,4650.87
5364,1281,2015-02-17,64,316,91,471,319.36,2366.84,738.92,3425.12
5365,1281,2015-03-18,38,548,2163,2749,189.62,4104.52,17563.56,21857.7
5366,1281,2015-04-17,34,151,0,185,169.66,1130.99,0,1300.65
5367,1281,2015-05-16,114,476,213,803,568.86,3565.24,1729.56,5863.66
5368,1281,2015-07-14,52,462,277,791,259.48,3460.38,2249.24,5969.1
5369,1281,2015-08-12,267,521,386,1174,1332.33,3902.29,3134.32,8368.94
5370,1281,2015-09-10,0,506,371,877,0,3789.94,3012.52,6802.46
5371,1281,2015-10-09,0,465,275,740,0,3482.85,2233,5715.85
5372,1281,2015-12-07,84,562,328,974,419.16,4209.38,2663.36,7291.9
5373,1281,2016-01-05,140,0,308,448,698.6,0,2500.96,3199.56
5374,1281,2016-02-03,45,350,312,707,224.55,2621.5,2533.44,5379.49
5375,1281,2016-03-04,29,509,323,861,144.71,3812.41,2622.76,6579.88
5376,1281,2016-04-03,5244,389,1002,6635,26167.56,2913.61,8136.24,37217.41
5377,1281,2016-05-03,50,447,450,947,249.5,3348.03,3654,7251.53
5378,1281,2016-07-02,0,1002,331,1333,0,7504.98,2687.72,10192.7
5379,1281,2016-07-31,91,505,331,927,454.09,3782.45,2687.72,6924.26
5380,1281,2016-08-30,223,589,347,1159,1112.77,4411.61,2817.64,8342.02
5381,1281,2016-10-28,343,637,380,1360,1711.57,4771.13,3085.6,9568.3
5382,1281,2016-11-27,76,504,370,950,379.24,3774.96,3004.4,7158.6
5383,1281,2016-12-27,57,478,331,866,284.43,3580.22,2687.72,6552.37
5384,1291,2016-04-24,43,572,237,852,214.57,4284.28,1924.44,6423.29
5385,1291,2016-06-22,57,2176,321,2554,284.43,16298.24,2606.52,19189.19
5386,1291,2016-07-21,10,496,555,1061,49.9,3715.04,4506.6,8271.54
5387,1291,2016-08-20,253,439,281,973,1262.47,3288.11,2281.72,6832.3
5388,1291,2016-09-19,142,532,199,873,708.58,3984.68,1615.88,6309.14
5389,1291,2016-10-18,157,502,278,937,783.43,3759.98,2257.36,6800.77
5390,1291,2016-11-17,27,343,154,524,134.73,2569.07,1250.48,3954.28
5391,1291,2016-12-17,72,481,345,898,359.28,3602.69,2801.4,6763.37
5392,1311,2014-12-30,599,603,188,1390,2989.01,4516.47,1526.56,9032.04
5393,1311,2015-01-29,463,634,114,1211,2310.37,4748.66,925.68,7984.71
5394,1311,2015-04-27,390,651,126,1167,1946.1,4875.99,1023.12,7845.21
5395,1311,2015-06-26,497,696,0,1193,2480.03,5213.04,0,7693.07
5396,1311,2015-08-24,799,466,64,1329,3987.01,3490.34,519.68,7997.03
5397,1311,2015-10-21,448,793,198,1439,2235.52,5939.57,1607.76,9782.85
5398,1311,2015-12-18,460,398,298,1156,2295.4,2981.02,2419.76,7696.18
5399,1331,2014-12-05,505,258,342,1105,2519.95,1932.42,2777.04,7229.41
5400,1331,2015-02-01,459,518,162,1139,2290.41,3879.82,1315.44,7485.67
5401,1331,2015-03-02,418,684,441,1543,2085.82,5123.16,3580.92,10789.9
5402,1331,2015-05-01,490,643,237,1370,2445.1,4816.07,1924.44,9185.61
5403,1331,2015-05-30,508,425,61,994,2534.92,3183.25,495.32,6213.49
5404,1331,2015-07-28,513,725,164,1402,2559.87,5430.25,1331.68,9321.8
5405,1341,2015-01-23,0,375,332,707,0,2808.75,2695.84,5504.59
5406,1341,2015-02-21,66,529,287,882,329.34,3962.21,2330.44,6621.99
5407,1341,2015-03-22,38,477,378,893,189.62,3572.73,3069.36,6831.71
5408,1351,2015-01-26,5,510,226,741,24.95,3819.9,1835.12,5679.97
5409,1351,2015-03-26,0,417,574,991,0,3123.33,4660.88,7784.21
5410,1351,2015-04-25,0,801,161,962,0,5999.49,1307.32,7306.81
5411,1351,2015-05-25,41,684,322,1047,204.59,5123.16,2614.64,7942.39
5412,1351,2015-08-23,0,479,367,846,0,3587.71,2980.04,6567.75
5413,1351,2015-09-22,56,550,376,982,279.44,4119.5,3053.12,7452.06
5414,1351,2015-10-21,19,493,341,853,94.81,3692.57,2768.92,6556.3
5415,1351,2015-11-20,39,463,298,800,194.61,3467.87,2419.76,6082.24
5416,1351,2015-12-20,234,282,200,716,1167.66,2112.18,1624,4903.84
5417,1351,2016-02-17,17,547,904,1468,84.83,4097.03,7340.48,11522.34
5418,1351,2016-03-18,22,557,415,994,109.78,4171.93,3369.8,7651.51
5419,1351,2016-04-17,488,492,334,1314,2435.12,3685.08,2712.08,8832.28
5420,1351,2016-05-16,204,413,321,938,1017.96,3093.37,2606.52,6717.85
5421,1351,2016-06-15,16,477,404,897,79.84,3572.73,3280.48,6933.05
5422,1351,2016-07-15,198,428,284,910,988.02,3205.72,2306.08,6499.82
5423,1351,2016-08-14,714,549,99,1362,3562.86,4112.01,803.88,8478.75
5424,1351,2016-10-12,0,443,347,790,0,3318.07,2817.64,6135.71
5425,1351,2016-11-10,7,503,378,888,34.93,3767.47,3069.36,6871.76
5426,1351,2016-12-10,132,503,329,964,658.68,3767.47,2671.48,7097.63
5427,1361,2014-12-30,0,163,272,435,0,1220.87,2208.64,3429.51
5428,1361,2015-01-28,0,405,39,444,0,3033.45,316.68,3350.13
5429,1361,2015-04-28,88,497,612,1197,439.12,3722.53,4969.44,9131.09
5430,1361,2015-06-25,60,514,301,875,299.4,3849.86,2444.12,6593.38
5431,1361,2015-08-23,125,439,313,877,623.75,3288.11,2541.56,6453.42
5432,1361,2015-09-22,0,561,829,1390,0,4201.89,6731.48,10933.37
5433,1361,2015-10-21,96,588,111,795,479.04,4404.12,901.32,5784.48
5434,1361,2016-02-16,101,323,218,642,503.99,2419.27,1770.16,4693.42
5435,1361,2016-03-16,614,461,328,1403,3063.86,3452.89,2663.36,9180.11
5436,1361,2016-04-15,2,560,245,807,9.98,4194.4,1989.4,6193.78
5437,1361,2016-05-15,79,493,18,590,394.21,3692.57,146.16,4232.94
5438,1361,2016-07-14,250,216,341,807,1247.5,1617.84,2768.92,5634.26
5439,1361,2016-08-12,111,303,0,414,553.89,2269.47,0,2823.36
5440,1361,2016-09-11,0,236,45,281,0,1767.64,365.4,2133.04
5441,1361,2016-10-10,58,460,289,807,289.42,3445.4,2346.68,6081.5
5442,1371,2015-01-10,38,102,0,140,189.62,763.98,0,953.6
5443,1371,2015-02-09,0,106,0,106,0,793.94,0,793.94
5444,1371,2015-03-11,112,7,129,248,558.88,52.43,1047.48,1658.79
5445,1371,2015-04-09,0,0,65,65,0,0,527.8,527.8
5446,1371,2015-06-08,0,155,0,155,0,1160.95,0,1160.95
5447,1371,2015-09-05,120,9,59,188,598.8,67.41,479.08,1145.29
5448,1371,2015-12-03,0,42,89,131,0,314.58,722.68,1037.26
5449,1381,2016-12-17,91,519,309,919,454.09,3887.31,2509.08,6850.48
5450,1391,2016-12-18,822,657,164,1643,4101.78,4920.93,1331.68,10354.39
5451,1401,2016-11-11,55,506,391,952,274.45,3789.94,3174.92,7239.31
5452,1401,2016-12-11,31,0,365,396,154.69,0,2963.8,3118.49
5453,1411,2015-02-27,34,23,57,114,169.66,172.27,462.84,804.77
5454,1411,2015-03-28,34,0,1,35,169.66,0,8.12,177.78
5455,1411,2015-04-27,25,219,10,254,124.75,1640.31,81.2,1846.26
5456,1411,2015-05-27,0,33,0,33,0,247.17,0,247.17
5457,1411,2015-06-26,0,28,90,118,0,209.72,730.8,940.52
5458,1411,2015-08-25,0,45,8,53,0,337.05,64.96,402.01
5459,1411,2015-09-23,2,0,142,144,9.98,0,1153.04,1163.02
5460,1411,2016-03-17,31,107,0,138,154.69,801.43,0,956.12
5461,1411,2016-05-14,0,45,0,45,0,337.05,0,337.05
5462,1411,2016-11-06,338,82,108,528,1686.62,614.18,876.96,3177.76
5463,1411,2016-12-06,0,7896,22,7918,0,59141.04,178.64,59319.68
5464,1421,2014-12-31,412,1022,66,1500,2055.88,7654.78,535.92,10246.58
5465,1421,2015-01-29,465,583,264,1312,2320.35,4366.67,2143.68,8830.7
5466,1421,2015-02-28,496,514,208,1218,2475.04,3849.86,1688.96,8013.86
5467,1421,2015-03-30,483,531,179,1193,2410.17,3977.19,1453.48,7840.84
5468,1421,2015-05-29,506,582,206,1294,2524.94,4359.18,1672.72,8556.84
5469,1421,2015-06-28,467,600,68,1135,2330.33,4494,552.16,7376.49
5470,1431,2014-12-17,520,695,216,1431,2594.8,5205.55,1753.92,9554.27
5471,1441,2015-01-24,0,39,19,58,0,292.11,154.28,446.39
5472,1441,2015-02-22,0,0,0,0,0,0,0,0
5473,1441,2015-04-22,0,98,174,272,0,734.02,1412.88,2146.9
5474,1441,2015-06-20,7,179,110,296,34.93,1340.71,893.2,2268.84
5475,1441,2015-07-19,344,0,20,364,1716.56,0,162.4,1878.96
5476,1441,2015-09-17,0,0,73,73,0,0,592.76,592.76
5477,1441,2015-10-16,2,19,32,53,9.98,142.31,259.84,412.13
5478,1441,2016-01-13,828,29,116,973,4131.72,217.21,941.92,5290.85
5479,1441,2016-02-11,0,61,185,246,0,456.89,1502.2,1959.09
5480,1441,2016-06-08,0,123,0,123,0,921.27,0,921.27
5481,1441,2016-08-05,0,43,0,43,0,322.07,0,322.07
5482,1441,2016-10-04,6,50,35,91,29.94,374.5,284.2,688.64
5483,1441,2016-11-03,256,94,56,406,1277.44,704.06,454.72,2436.22
5484,1441,2016-12-03,34,0,0,34,169.66,0,0,169.66
5485,1451,2015-01-03,78,0,0,78,389.22,0,0,389.22
5486,1451,2015-02-02,0,0,68,68,0,0,552.16,552.16
5487,1451,2015-03-03,0,77,30,107,0,576.73,243.6,820.33
5488,1451,2015-04-02,9,239,70,318,44.91,1790.11,568.4,2403.42
5489,1451,2015-05-30,0,194,32,226,0,1453.06,259.84,1712.9
5490,1451,2015-06-29,0,28,0,28,0,209.72,0,209.72
5491,1451,2015-07-29,21,648,77,746,104.79,4853.52,625.24,5583.55
5492,1451,2015-08-27,285,162,0,447,1422.15,1213.38,0,2635.53
5493,1451,2015-10-25,0,0,35,35,0,0,284.2,284.2
5494,1451,2015-12-24,26,33,25,84,129.74,247.17,203,579.91
5495,1451,2016-04-21,230,24,361,615,1147.7,179.76,2931.32,4258.78
5496,1451,2016-06-20,0,71,8,79,0,531.79,64.96,596.75
5497,1451,2016-07-19,0,59,54,113,0,441.91,438.48,880.39
5498,1451,2016-09-15,0,34,0,34,0,254.66,0,254.66
5499,1451,2016-10-14,0,25,10,35,0,187.25,81.2,268.45
5500,1451,2016-12-13,0,160,0,160,0,1198.4,0,1198.4
5501,1461,2015-01-30,79,543,282,904,394.21,4067.07,2289.84,6751.12
5502,1461,2015-03-01,0,513,297,810,0,3842.37,2411.64,6254.01
5503,1461,2015-03-31,60,766,43,869,299.4,5737.34,349.16,6385.9
5504,1461,2015-04-30,75,598,449,1122,374.25,4479.02,3645.88,8499.15
5505,1461,2015-06-28,0,380,300,680,0,2846.2,2436,5282.2
5506,1461,2015-07-28,24,604,340,968,119.76,4523.96,2760.8,7404.52
5507,1461,2015-08-26,0,164,285,449,0,1228.36,2314.2,3542.56
5508,1461,2015-10-24,56,517,281,854,279.44,3872.33,2281.72,6433.49
5509,1461,2015-11-22,0,476,321,797,0,3565.24,2606.52,6171.76
5510,1461,2016-01-20,0,462,234,696,0,3460.38,1900.08,5360.46
5511,1461,2016-02-19,102,554,333,989,508.98,4149.46,2703.96,7362.4
5512,1461,2016-03-19,86,524,243,853,429.14,3924.76,1973.16,6327.06
5513,1461,2016-04-17,59,423,250,732,294.41,3168.27,2030,5492.68
5514,1461,2016-05-17,156,453,317,926,778.44,3392.97,2574.04,6745.45
5515,1461,2016-06-16,301,666,333,1300,1501.99,4988.34,2703.96,9194.29
5516,1461,2016-07-16,142,444,50,636,708.58,3325.56,406,4440.14
5517,1461,2016-10-12,97,562,299,958,484.03,4209.38,2427.88,7121.29
5518,1461,2016-11-11,0,502,324,826,0,3759.98,2630.88,6390.86
5519,1471,2014-12-09,180,74,22,276,898.2,554.26,178.64,1631.1
5520,1471,2015-02-07,0,97,3,100,0,726.53,24.36,750.89
5521,1471,2015-03-09,31,78,14,123,154.69,584.22,113.68,852.59
5522,1471,2015-04-07,0,18,1256,1274,0,134.82,10198.72,10333.54
5523,1471,2015-07-05,0,95,103,198,0,711.55,836.36,1547.91
5524,1471,2015-09-02,0,48,0,48,0,359.52,0,359.52
5525,1471,2015-10-01,0,268,0,268,0,2007.32,0,2007.32
5526,1471,2015-10-31,154,0,61,215,768.46,0,495.32,1263.78
5527,1471,2015-11-29,0,0,0,0,0,0,0,0
5528,1471,2016-02-25,0,67,0,67,0,501.83,0,501.83
5529,1471,2016-03-26,0,0,334,334,0,0,2712.08,2712.08
5530,1471,2016-04-24,137,0,68,205,683.63,0,552.16,1235.79
5531,1481,2014-12-08,0,60,55,115,0,449.4,446.6,896
5532,1481,2015-02-05,0,124,87,211,0,928.76,706.44,1635.2
5533,1481,2015-06-04,58,96,0,154,289.42,719.04,0,1008.46
5534,1491,2015-01-31,419,579,203,1201,2090.81,4336.71,1648.36,8075.88
5535,1491,2015-03-02,240,0,279,519,1197.6,0,2265.48,3463.08
5536,1491,2015-04-01,340,534,274,1148,1696.6,3999.66,2224.88,7921.14
5537,1491,2015-05-30,675,591,260,1526,3368.25,4426.59,2111.2,9906.04
5538,1501,2015-01-15,72,485,263,820,359.28,3632.65,2135.56,6127.49
5539,1501,2015-02-13,0,726,306,1032,0,5437.74,2484.72,7922.46
5540,1501,2015-03-14,73,416,392,881,364.27,3115.84,3183.04,6663.15
5541,1501,2015-04-13,178,503,368,1049,888.22,3767.47,2988.16,7643.85
5542,1501,2015-06-12,64,481,372,917,319.36,3602.69,3020.64,6942.69
5543,1501,2015-07-11,115,412,0,527,573.85,3085.88,0,3659.73
5544,1501,2015-09-08,85,487,297,869,424.15,3647.63,2411.64,6483.42
5545,1501,2015-10-08,67,534,314,915,334.33,3999.66,2549.68,6883.67
5546,1501,2015-12-05,104,356,223,683,518.96,2666.44,1810.76,4996.16
5547,1501,2016-01-03,167,472,300,939,833.33,3535.28,2436,6804.61
5548,1501,2016-04-01,0,565,270,835,0,4231.85,2192.4,6424.25
5549,1501,2016-04-30,57,382,286,725,284.43,2861.18,2322.32,5467.93
5550,1501,2016-05-29,299,21,300,620,1492.01,157.29,2436,4085.3
5551,1501,2016-08-26,14,528,239,781,69.86,3954.72,1940.68,5965.26
5552,1501,2016-09-25,0,620,295,915,0,4643.8,2395.4,7039.2
5553,1501,2016-10-24,30,359,269,658,149.7,2688.91,2184.28,5022.89
5554,1501,2016-12-21,27,879,275,1181,134.73,6583.71,2233,8951.44
5555,1511,2014-12-06,45,501,171,717,224.55,3752.49,1388.52,5365.56
5556,1511,2015-01-04,38,511,301,850,189.62,3827.39,2444.12,6461.13
5557,1521,2014-12-19,24,121,101,246,119.76,906.29,820.12,1846.17
5558,1521,2015-02-15,553,129,121,803,2759.47,966.21,982.52,4708.2
5559,1521,2015-03-16,135,183,151,469,673.65,1370.67,1226.12,3270.44
5560,1521,2015-06-14,177,159,8,344,883.23,1190.91,64.96,2139.1
5561,1521,2015-08-12,0,113,67,180,0,846.37,544.04,1390.41
5562,1531,2015-05-29,0,0,48,48,0,0,389.76,389.76
5563,1531,2015-07-28,0,5,3,8,0,37.45,24.36,61.81
5564,1531,2015-08-26,48,42,19,109,239.52,314.58,154.28,708.38
5565,1531,2015-11-21,25,51,0,76,124.75,381.99,0,506.74
5566,1531,2016-04-15,0,500,65,565,0,3745,527.8,4272.8
5567,1531,2016-06-13,233,109,77,419,1162.67,816.41,625.24,2604.32
5568,1531,2016-08-10,49,53,38,140,244.51,396.97,308.56,950.04
5569,1531,2016-09-08,96,107,82,285,479.04,801.43,665.84,1946.31
5570,1531,2016-10-08,0,389,48,437,0,2913.61,389.76,3303.37
5571,1531,2016-11-07,242,125,47,414,1207.58,936.25,381.64,2525.47
5572,1541,2015-08-05,299,1096,138,1533,1492.01,8209.04,1120.56,10821.61
5573,1541,2015-09-04,474,608,202,1284,2365.26,4553.92,1640.24,8559.42
5574,1541,2015-10-04,867,610,170,1647,4326.33,4568.9,1380.4,10275.63
5575,1541,2015-12-30,485,598,167,1250,2420.15,4479.02,1356.04,8255.21
5576,1541,2016-02-27,497,620,255,1372,2480.03,4643.8,2070.6,9194.43
5577,1541,2016-03-27,537,525,223,1285,2679.63,3932.25,1810.76,8422.64
5578,1541,2016-04-25,464,495,154,1113,2315.36,3707.55,1250.48,7273.39
5579,1541,2016-05-25,172,407,1634,2213,858.28,3048.43,13268.08,17174.79
5580,1551,2015-01-02,139,438,399,976,693.61,3280.62,3239.88,7214.11
5581,1551,2015-03-30,2,493,324,819,9.98,3692.57,2630.88,6333.43
5582,1551,2015-07-25,11,450,307,768,54.89,3370.5,2492.84,5918.23
5583,1551,2015-08-23,0,512,329,841,0,3834.88,2671.48,6506.36
5584,1551,2015-09-22,0,461,20917,21378,0,3452.89,169846.04,173298.93
5585,1551,2015-10-22,7371,633,192,8196,36781.29,4741.17,1559.04,43081.5
5586,1551,2015-11-21,0,392,291,683,0,2936.08,2362.92,5299
5587,1551,2016-01-20,40,201,280,521,199.6,1505.49,2273.6,3978.69
5588,1551,2016-02-18,0,510,342,852,0,3819.9,2777.04,6596.94
5589,1551,2016-04-18,27,669,184,880,134.73,5010.81,1494.08,6639.62
5590,1551,2016-05-17,0,522,347,869,0,3909.78,2817.64,6727.42
5591,1551,2016-07-15,36,493,354,883,179.64,3692.57,2874.48,6746.69
5592,1551,2016-08-14,0,549,427,976,0,4112.01,3467.24,7579.25
5593,1551,2016-09-13,0,420,325,745,0,3145.8,2639,5784.8
5594,1551,2016-10-13,93,604,102,799,464.07,4523.96,828.24,5816.27
5595,1551,2016-12-11,141,487,332,960,703.59,3647.63,2695.84,7047.06
5596,1561,2014-12-27,153,0,55,208,763.47,0,446.6,1210.07
5597,1561,2015-01-26,0,43,84,127,0,322.07,682.08,1004.15
5598,1561,2015-03-25,107,0,194,301,533.93,0,1575.28,2109.21
5599,1561,2015-04-24,41,71,51,163,204.59,531.79,414.12,1150.5
5600,1561,2015-06-22,0,844,0,844,0,6321.56,0,6321.56
5601,1561,2015-09-19,45,34,97,176,224.55,254.66,787.64,1266.85
5602,1561,2015-11-17,0,97,49,146,0,726.53,397.88,1124.41
5603,1561,2015-12-17,0,51,98,149,0,381.99,795.76,1177.75
5604,1561,2016-02-14,0,34,28,62,0,254.66,227.36,482.02
5605,1561,2016-03-15,2,61,4,67,9.98,456.89,32.48,499.35
5606,1561,2016-05-13,54,603,0,657,269.46,4516.47,0,4785.93
5607,1561,2016-06-12,61,0,116,177,304.39,0,941.92,1246.31
5608,1561,2016-11-07,0,16,38,54,0,119.84,308.56,428.4
5609,1561,2016-12-07,0,17,0,17,0,127.33,0,127.33
5610,1571,2014-12-14,80,93,64,237,399.2,696.57,519.68,1615.45
5611,1571,2015-01-12,0,0,58,58,0,0,470.96,470.96
5612,1571,2015-02-11,0,70,58,128,0,524.3,470.96,995.26
5613,1571,2015-04-12,0,212,80,292,0,1587.88,649.6,2237.48
5614,1571,2015-08-06,0,0,8,8,0,0,64.96,64.96
5615,1571,2015-10-04,0,6,117,123,0,44.94,950.04,994.98
5616,1571,2015-12-02,40,240,157,437,199.6,1797.6,1274.84,3272.04
5617,1571,2016-03-01,0,75,25,100,0,561.75,203,764.75
5618,1571,2016-03-31,0,94,100,194,0,704.06,812,1516.06
5619,1571,2016-07-26,0,32,753,785,0,239.68,6114.36,6354.04
5620,1571,2016-08-24,0,729,0,729,0,5460.21,0,5460.21
5621,1571,2016-10-22,123,0,6,129,613.77,0,48.72,662.49
5622,1571,2016-12-19,0,0,0,0,0,0,0,0
5623,1581,2015-02-11,125,59,75,259,623.75,441.91,609,1674.66
5624,1591,2016-08-24,18,100,77,195,89.82,749,625.24,1464.06
5625,1591,2016-11-20,17,0,108,125,84.83,0,876.96,961.79
5626,1601,2014-12-22,0,0,48,48,0,0,389.76,389.76
5627,1601,2015-04-19,3612,46,0,3658,18023.88,344.54,0,18368.42
5628,1601,2015-05-18,0,0,62,62,0,0,503.44,503.44
5629,1601,2015-07-16,0,47,25,72,0,352.03,203,555.03
5630,1601,2015-08-15,108,92,0,200,538.92,689.08,0,1228
5631,1601,2015-10-13,0,36,39,75,0,269.64,316.68,586.32
5632,1601,2016-01-10,0,107,84,191,0,801.43,682.08,1483.51
5633,1601,2016-03-10,0,0,0,0,0,0,0,0
5634,1601,2016-10-01,0,10,41,51,0,74.9,332.92,407.82
5635,1601,2016-10-30,69,0,0,69,344.31,0,0,344.31
5636,1601,2016-11-29,16,95,60,171,79.84,711.55,487.2,1278.59
5637,1611,2014-12-26,132,164,90,386,658.68,1228.36,730.8,2617.84
5638,1611,2015-02-22,453788,255,91,454134,2264402.12,1909.95,738.92,2267050.99
5639,1611,2015-03-24,0,92,162,254,0,689.08,1315.44,2004.52
5640,1611,2015-06-20,17,150,78,245,84.83,1123.5,633.36,1841.69
5641,1621,2016-04-15,19,518,0,537,94.81,3879.82,0,3974.63
5642,1621,2016-07-13,0,6977,324,7301,0,52257.73,2630.88,54888.61
5643,1621,2016-09-09,62,382,220,664,309.38,2861.18,1786.4,4956.96
5644,1621,2016-11-08,0,541,309,850,0,4052.09,2509.08,6561.17
5645,1621,2016-12-08,0,514,304,818,0,3849.86,2468.48,6318.34
5646,1631,2014-12-31,48,514,309,871,239.52,3849.86,2509.08,6598.46
5647,1631,2015-01-30,66,646,283,995,329.34,4838.54,2297.96,7465.84
5648,1631,2015-04-28,0,479,310,789,0,3587.71,2517.2,6104.91
5649,1631,2015-05-27,14,546,286,846,69.86,4089.54,2322.32,6481.72
5650,1631,2015-07-26,97,557,311,965,484.03,4171.93,2525.32,7181.28
5651,1631,2015-08-25,64,535,0,599,319.36,4007.15,0,4326.51
5652,1631,2015-09-24,0,536,313,849,0,4014.64,2541.56,6556.2
5653,1631,2015-12-22,35,411,215,661,174.65,3078.39,1745.8,4998.84
5654,1631,2016-01-20,0,476,337,813,0,3565.24,2736.44,6301.68
5655,1631,2016-02-18,678,638,242,1558,3383.22,4778.62,1965.04,10126.88
5656,1631,2016-03-19,0,561,0,561,0,4201.89,0,4201.89
5657,1631,2016-04-17,161,522,310,993,803.39,3909.78,2517.2,7230.37
5658,1641,2014-12-16,12,212,93,317,59.88,1587.88,755.16,2402.92
5659,1661,2016-02-01,396,62,30,488,1976.04,464.38,243.6,2684.02
5660,1661,2016-03-02,51,45,105,201,254.49,337.05,852.6,1444.14
5661,1661,2016-05-30,0,63,31,94,0,471.87,251.72,723.59
5662,1661,2016-06-28,0,74,86,160,0,554.26,698.32,1252.58
5663,1661,2016-07-28,0,289,0,289,0,2164.61,0,2164.61
5664,1661,2016-09-26,0,0,152,152,0,0,1234.24,1234.24
5665,1661,2016-10-25,0,59,0,59,0,441.91,0,441.91
5666,1671,2014-12-13,15,0,43,58,74.85,0,349.16,424.01
5667,1671,2015-01-12,13,0,5,18,64.87,0,40.6,105.47
5668,1671,2015-05-11,125,146,0,271,623.75,1093.54,0,1717.29
5669,1671,2015-06-09,0,110,204,314,0,823.9,1656.48,2480.38
5670,1671,2015-12-02,129,13,23,165,643.71,97.37,186.76,927.84
5671,1671,2016-03-30,75,63,97,235,374.25,471.87,787.64,1633.76
5672,1671,2016-04-28,0,185,227,412,0,1385.65,1843.24,3228.89
5673,1671,2016-07-27,0,30,0,30,0,224.7,0,224.7
5674,1671,2016-08-25,0,0,0,0,0,0,0,0
5675,1671,2016-09-23,1,101,53,155,4.99,756.49,430.36,1191.84
5676,1671,2016-10-22,0,56,0,56,0,419.44,0,419.44
5677,1671,2016-11-21,0,65,9,74,0,486.85,73.08,559.93
5678,1671,2016-12-21,56,84,94,234,279.44,629.16,763.28,1671.88
5679,1681,2015-02-08,89,598,361,1048,444.11,4479.02,2931.32,7854.45
5680,1681,2015-03-09,0,502,0,502,0,3759.98,0,3759.98
5681,1681,2015-05-06,333,511,291,1135,1661.67,3827.39,2362.92,7851.98
5682,1681,2015-06-05,107,639,282,1028,533.93,4786.11,2289.84,7609.88
5683,1681,2015-07-05,48,395,210,653,239.52,2958.55,1705.2,4903.27
5684,1681,2015-08-03,22,478,238,738,109.78,3580.22,1932.56,5622.56
5685,1681,2015-09-02,12,498,0,510,59.88,3730.02,0,3789.9
5686,1681,2015-10-02,34,484,229,747,169.66,3625.16,1859.48,5654.3
5687,1681,2015-10-31,42,508,414,964,209.58,3804.92,3361.68,7376.18
5688,1681,2015-11-30,698,468,255,1421,3483.02,3505.32,2070.6,9058.94
5689,1681,2016-01-29,170,405,0,575,848.3,3033.45,0,3881.75
5690,1681,2016-02-27,182,508,415,1105,908.18,3804.92,3369.8,8082.9
5691,1681,2016-03-27,419,528,181,1128,2090.81,3954.72,1469.72,7515.25
5692,1681,2016-06-24,43,498,365,906,214.57,3730.02,2963.8,6908.39
5693,1681,2016-07-24,58,495,429,982,289.42,3707.55,3483.48,7480.45
5694,1681,2016-09-21,113,562,529,1204,563.87,4209.38,4295.48,9068.73
5695,1681,2016-10-20,78,465,269,812,389.22,3482.85,2184.28,6056.35
5696,1691,2016-10-07,30,571,0,601,149.7,4276.79,0,4426.49
5697,1691,2016-11-06,0,172,267,439,0,1288.28,2168.04,3456.32
5698,1691,2016-12-05,25,542,323,890,124.75,4059.58,2622.76,6807.09
5699,1701,2014-12-17,23,28,0,51,114.77,209.72,0,324.49
5700,1701,2015-03-17,99,359,55,513,494.01,2688.91,446.6,3629.52
5701,1701,2015-07-13,26,0,58,84,129.74,0,470.96,600.7
5702,1701,2015-08-11,39,59,0,98,194.61,441.91,0,636.52
5703,1701,2015-10-09,421,66,33,520,2100.79,494.34,267.96,2863.09
5704,1701,2015-11-07,83,33,0,116,414.17,247.17,0,661.34
5705,1701,2015-12-07,0,0,125,125,0,0,1015,1015
5706,1701,2016-01-06,0,0,101,101,0,0,820.12,820.12
5707,1711,2015-01-04,276,12,263,551,1377.24,89.88,2135.56,3602.68
5708,1711,2015-02-03,130,28,224,382,648.7,209.72,1818.88,2677.3
5709,1711,2015-04-03,27,0,8,35,134.73,0,64.96,199.69
5710,1711,2015-05-02,0,0,32,32,0,0,259.84,259.84
5711,1711,2015-05-31,122,4,58,184,608.78,29.96,470.96,1109.7
5712,1711,2015-06-29,4,37,0,41,19.96,277.13,0,297.09
5713,1711,2015-07-29,0,0,126,126,0,0,1023.12,1023.12
5714,1711,2015-11-24,0,0,11,11,0,0,89.32,89.32
5715,1711,2015-12-24,81,0,0,81,404.19,0,0,404.19
5716,1711,2016-06-19,241,249,26,516,1202.59,1865.01,211.12,3278.72
5717,1711,2016-08-16,0,34,32,66,0,254.66,259.84,514.5
5718,1711,2016-09-15,0,89,120,209,0,666.61,974.4,1641.01
5719,1711,2016-12-12,61,127,84,272,304.39,951.23,682.08,1937.7
5720,1721,2014-12-15,496,550,197,1243,2475.04,4119.5,1599.64,8194.18
5721,1721,2015-01-14,498,718,0,1216,2485.02,5377.82,0,7862.84
5722,1721,2015-02-12,459,677,184,1320,2290.41,5070.73,1494.08,8855.22
5723,1721,2015-03-13,1112,629,28,1769,5548.88,4711.21,227.36,10487.45
5724,1721,2015-04-11,464,607,196,1267,2315.36,4546.43,1591.52,8453.31
5725,1721,2015-07-08,522,607,168,1297,2604.78,4546.43,1364.16,8515.37
5726,1721,2015-08-07,363,700,207,1270,1811.37,5243,1680.84,8735.21
5727,1721,2015-09-05,547,613,199,1359,2729.53,4591.37,1615.88,8936.78
5728,1721,2015-10-04,510,573,262,1345,2544.9,4291.77,2127.44,8964.11
5729,1721,2015-12-02,432,598,256,1286,2155.68,4479.02,2078.72,8713.42
5730,1721,2016-01-01,506,676,278,1460,2524.94,5063.24,2257.36,9845.54
5731,1721,2016-01-30,516,510,0,1026,2574.84,3819.9,0,6394.74
5732,1721,2016-03-29,418,645,250,1313,2085.82,4831.05,2030,8946.87
5733,1721,2016-04-28,656,544,197,1397,3273.44,4074.56,1599.64,8947.64
5734,1731,2015-01-24,492,442,231,1165,2455.08,3310.58,1875.72,7641.38
5735,1731,2015-02-23,521,632,0,1153,2599.79,4733.68,0,7333.47
5736,1731,2015-03-24,500,607,247,1354,2495,4546.43,2005.64,9047.07
5737,1731,2015-04-22,501,1121,161,1783,2499.99,8396.29,1307.32,12203.6
5738,1731,2015-07-18,391,566,0,957,1951.09,4239.34,0,6190.43
5739,1731,2015-10-15,592,588,103,1283,2954.08,4404.12,836.36,8194.56
5740,1731,2015-11-14,536,594,588,1718,2674.64,4449.06,4774.56,11898.26
5741,1731,2015-12-14,540,830,281,1651,2694.6,6216.7,2281.72,11193.02
5742,1731,2016-06-07,484,613,202,1299,2415.16,4591.37,1640.24,8646.77
5743,1731,2016-07-07,619,551,286,1456,3088.81,4126.99,2322.32,9538.12
5744,1731,2016-08-05,231,902,229,1362,1152.69,6755.98,1859.48,9768.15
5745,1731,2016-09-04,534,623,76,1233,2664.66,4666.27,617.12,7948.05
5746,1731,2016-10-04,534,607,400,1541,2664.66,4546.43,3248,10459.09
5747,1731,2016-11-02,466,617,360,1443,2325.34,4621.33,2923.2,9869.87
5748,1731,2016-12-30,528,640,143,1311,2634.72,4793.6,1161.16,8589.48
5749,1741,2015-02-09,114,484,292,890,568.86,3625.16,2371.04,6565.06
5750,1741,2015-03-11,95,1147,0,1242,474.05,8591.03,0,9065.08
5751,1741,2015-05-09,0,627,325,952,0,4696.23,2639,7335.23
5752,1741,2015-06-07,0,423,328,751,0,3168.27,2663.36,5831.63
5753,1741,2015-07-07,53,454,342,849,264.47,3400.46,2777.04,6441.97
5754,1741,2015-08-06,9,465,276,750,44.91,3482.85,2241.12,5768.88
5755,1741,2015-10-03,144,565,178,887,718.56,4231.85,1445.36,6395.77
5756,1741,2015-11-01,9,1067,408,1484,44.91,7991.83,3312.96,11349.7
5757,1741,2015-12-29,0,512,319,831,0,3834.88,2590.28,6425.16
5758,1741,2016-01-27,142,541,439,1122,708.58,4052.09,3564.68,8325.35
5759,1741,2016-03-26,63,0,337,400,314.37,0,2736.44,3050.81
5760,1741,2016-04-24,138,492,314,944,688.62,3685.08,2549.68,6923.38
5761,1741,2016-05-24,0,515,209,724,0,3857.35,1697.08,5554.43
5762,1741,2016-06-22,0,643,290,933,0,4816.07,2354.8,7170.87
5763,1741,2016-08-21,236,610,504,1350,1177.64,4568.9,4092.48,9839.02
5764,1741,2016-10-19,65,527,322,914,324.35,3947.23,2614.64,6886.22
5765,1741,2016-11-17,159,535,349,1043,793.41,4007.15,2833.88,7634.44
5766,1741,2016-12-17,7,141,4599,4747,34.93,1056.09,37343.88,38434.9
5767,1751,2014-12-24,0,42,75,117,0,314.58,609,923.58
5768,1751,2015-02-20,0,19,62,81,0,142.31,503.44,645.75
5769,1751,2015-03-22,0,52,85,137,0,389.48,690.2,1079.68
5770,1751,2015-05-20,25,183,91,299,124.75,1370.67,738.92,2234.34
5771,1751,2015-08-15,0,0,15,15,0,0,121.8,121.8
5772,1751,2015-09-14,0,95,0,95,0,711.55,0,711.55
5773,1751,2015-12-11,0,20,25,45,0,149.8,203,352.8
5774,1751,2016-01-09,0,0,102,102,0,0,828.24,828.24
5775,1751,2016-03-08,0,26,1018,1044,0,194.74,8266.16,8460.9
5776,1751,2016-04-06,39,0,322,361,194.61,0,2614.64,2809.25
5777,1751,2016-05-06,123,22,159,304,613.77,164.78,1291.08,2069.63
5778,1751,2016-06-05,15,209,49,273,74.85,1565.41,397.88,2038.14
5779,1751,2016-07-04,0,0,558,558,0,0,4530.96,4530.96
5780,1751,2016-08-02,66,206,315,587,329.34,1542.94,2557.8,4430.08
5781,1751,2016-09-01,0,59,0,59,0,441.91,0,441.91
5782,1751,2016-09-30,0,0,46,46,0,0,373.52,373.52
5783,1751,2016-10-29,65,0,78,143,324.35,0,633.36,957.71
5784,1751,2016-11-28,0,0,59,59,0,0,479.08,479.08
5785,1751,2016-12-27,542,20,0,562,2704.58,149.8,0,2854.38
5786,1761,2015-01-17,51,3821,214,4086,254.49,28619.29,1737.68,30611.46
5787,1761,2015-02-16,0,398,298,696,0,2981.02,2419.76,5400.78
5788,1761,2015-04-16,80,445,0,525,399.2,3333.05,0,3732.25
5789,1771,2015-01-13,0,116,0,116,0,868.84,0,868.84
5790,1771,2015-07-09,0,237,97,334,0,1775.13,787.64,2562.77
5791,1771,2015-10-05,59,135,243,437,294.41,1011.15,1973.16,3278.72
5792,1771,2015-12-03,48,39,110,197,239.52,292.11,893.2,1424.83
5793,1771,2016-01-01,19,63,107,189,94.81,471.87,868.84,1435.52
5794,1781,2015-01-21,62,15,1143,1220,309.38,112.35,9281.16,9702.89
5795,1781,2015-03-22,9,16,0,25,44.91,119.84,0,164.75
5796,1781,2015-05-20,0,85,123,208,0,636.65,998.76,1635.41
5797,1781,2015-07-17,40,10,44,94,199.6,74.9,357.28,631.78
5798,1781,2015-08-16,0,195,0,195,0,1460.55,0,1460.55
5799,1781,2015-10-15,0,40,74,114,0,299.6,600.88,900.48
5800,1781,2015-11-13,0,509,0,509,0,3812.41,0,3812.41
5801,1781,2015-12-13,0,0,40,40,0,0,324.8,324.8
5802,1781,2016-01-11,0,0,4,4,0,0,32.48,32.48
5803,1781,2016-02-09,31,114,29,174,154.69,853.86,235.48,1244.03
5804,1781,2016-04-07,90,55,0,145,449.1,411.95,0,861.05
5805,1781,2016-08-03,22,73,120,215,109.78,546.77,974.4,1630.95
5806,1781,2016-09-01,70,158,0,228,349.3,1183.42,0,1532.72
5807,1791,2015-01-25,291,644,136,1071,1452.09,4823.56,1104.32,7379.97
5808,1791,2015-02-23,393,613,525,1531,1961.07,4591.37,4263,10815.44
5809,1801,2014-12-21,113,0,59,172,563.87,0,479.08,1042.95
5810,1801,2015-02-19,0,160,71,231,0,1198.4,576.52,1774.92
5811,1801,2015-03-20,0,113,0,113,0,846.37,0,846.37
5812,1801,2015-04-19,0,96,197,293,0,719.04,1599.64,2318.68
5813,1801,2015-06-18,149,33,50,232,743.51,247.17,406,1396.68
5814,1801,2015-07-18,0,498,526,1024,0,3730.02,4271.12,8001.14
5815,1801,2015-08-16,104567,42,184,104793,521789.33,314.58,1494.08,523597.99
5816,1801,2015-12-12,0,0,68,68,0,0,552.16,552.16
5817,1801,2016-02-09,28,198,131,357,139.72,1483.02,1063.72,2686.46
5818,1801,2016-04-09,0,77,23,100,0,576.73,186.76,763.49
5819,1801,2016-08-06,1639,616,31,2286,8178.61,4613.84,251.72,13044.17
5820,1801,2016-09-04,0,0,421,421,0,0,3418.52,3418.52
5821,1801,2016-10-04,0,0,30,30,0,0,243.6,243.6
5822,1801,2017-01-01,0,115,0,115,0,861.35,0,861.35
5823,1811,2015-01-10,131,561,314,1006,653.69,4201.89,2549.68,7405.26
5824,1811,2015-02-09,18,427,377,822,89.82,3198.23,3061.24,6349.29
5825,1811,2015-03-11,47,576,291,914,234.53,4314.24,2362.92,6911.69
5826,1811,2015-04-10,71,508,361,940,354.29,3804.92,2931.32,7090.53
5827,1811,2015-05-10,0,1418,589,2007,0,10620.82,4782.68,15403.5
5828,1811,2015-06-08,406,461,419,1286,2025.94,3452.89,3402.28,8881.11
5829,1811,2015-07-07,292,141,286,719,1457.08,1056.09,2322.32,4835.49
5830,1811,2015-08-05,85,489,228,802,424.15,3662.61,1851.36,5938.12
5831,1811,2015-09-04,55,470,299,824,274.45,3520.3,2427.88,6222.63
5832,1811,2015-10-03,34,480,287,801,169.66,3595.2,2330.44,6095.3
5833,1811,2015-12-01,106,420,4485,5011,528.94,3145.8,36418.2,40092.94
5834,1811,2015-12-31,24,505,436,965,119.76,3782.45,3540.32,7442.53
5835,1811,2016-02-29,0,469,1322,1791,0,3512.81,10734.64,14247.45
5836,1811,2016-03-29,149,480,300,929,743.51,3595.2,2436,6774.71
5837,1811,2016-04-27,0,533,288,821,0,3992.17,2338.56,6330.73
5838,1811,2016-05-27,67,417,233,717,334.33,3123.33,1891.96,5349.62
5839,1811,2016-06-25,0,502,257,759,0,3759.98,2086.84,5846.82
5840,1811,2016-08-24,30,488,371,889,149.7,3655.12,3012.52,6817.34
5841,1811,2016-09-23,76,483,256,815,379.24,3617.67,2078.72,6075.63
5842,1811,2016-10-22,518,431,345,1294,2584.82,3228.19,2801.4,8614.41
5843,1811,2016-12-20,53,480,181,714,264.47,3595.2,1469.72,5329.39
5844,1821,2015-12-29,113,571,327,1011,563.87,4276.79,2655.24,7495.9
5845,1821,2016-01-27,0,514,271,785,0,3849.86,2200.52,6050.38
5846,1821,2016-02-26,0,527,331,858,0,3947.23,2687.72,6634.95
5847,1821,2016-03-26,57,494,309,860,284.43,3700.06,2509.08,6493.57
5848,1821,2016-05-24,6,529,116,651,29.94,3962.21,941.92,4934.07
5849,1821,2016-07-21,66,291,294,651,329.34,2179.59,2387.28,4896.21
5850,1821,2016-08-19,120,498,281,899,598.8,3730.02,2281.72,6610.54
5851,1821,2016-09-18,0,377,217,594,0,2823.73,1762.04,4585.77
5852,1821,2016-10-18,53,895,521,1469,264.47,6703.55,4230.52,11198.54
5853,1831,2016-08-04,20,0,53,73,99.8,0,430.36,530.16
5854,1831,2016-09-03,0,291,0,291,0,2179.59,0,2179.59
5855,1831,2016-10-03,121,203,0,324,603.79,1520.47,0,2124.26
5856,1831,2016-12-31,66,0,0,66,329.34,0,0,329.34
5857,1841,2014-12-06,28,441,247,716,139.72,3303.09,2005.64,5448.45
5858,1841,2015-02-04,159,0,301,460,793.41,0,2444.12,3237.53
5859,1841,2015-03-05,50,379,0,429,249.5,2838.71,0,3088.21
5860,1841,2015-04-03,74,523,216,813,369.26,3917.27,1753.92,6040.45
5861,1841,2015-05-02,55,401,285,741,274.45,3003.49,2314.2,5592.14
5862,1841,2015-05-31,25,489,249,763,124.75,3662.61,2021.88,5809.24
5863,1841,2015-06-29,74,453,234,761,369.26,3392.97,1900.08,5662.31
5864,1841,2015-07-29,0,558,280,838,0,4179.42,2273.6,6453.02
5865,1841,2015-09-27,0,20679,338,21017,0,154885.71,2744.56,157630.27
5866,1841,2015-10-26,144,586,297,1027,718.56,4389.14,2411.64,7519.34
5867,1841,2015-11-25,89,544,278,911,444.11,4074.56,2257.36,6776.03
5868,1841,2015-12-24,55,744,283,1082,274.45,5572.56,2297.96,8144.97
5869,1841,2016-01-23,145,543,267,955,723.55,4067.07,2168.04,6958.66
5870,1841,2016-03-22,344,543,335,1222,1716.56,4067.07,2720.2,8503.83
5871,1841,2016-05-20,38,436,279,753,189.62,3265.64,2265.48,5720.74
5872,1841,2016-06-19,80,555,321,956,399.2,4156.95,2606.52,7162.67
5873,1841,2016-09-14,75,498,292,865,374.25,3730.02,2371.04,6475.31
5874,1841,2016-10-14,99,529,375,1003,494.01,3962.21,3045,7501.22
5875,1841,2016-12-12,51,391,277,719,254.49,2928.59,2249.24,5432.32
5876,1851,2014-12-13,2,214,66,282,9.98,1602.86,535.92,2148.76
5877,1851,2015-01-12,0,0,18,18,0,0,146.16,146.16
5878,1851,2015-02-10,0,45,0,45,0,337.05,0,337.05
5879,1851,2015-03-11,5,68,0,73,24.95,509.32,0,534.27
5880,1851,2015-04-10,479,0,0,479,2390.21,0,0,2390.21
5881,1851,2015-09-04,55,163,68,286,274.45,1220.87,552.16,2047.48
5882,1851,2015-11-02,0,36,0,36,0,269.64,0,269.64
5883,1851,2015-12-02,188,128,89,405,938.12,958.72,722.68,2619.52
5884,1851,2016-01-30,0,60,158,218,0,449.4,1282.96,1732.36
5885,1851,2016-03-29,0,0,0,0,0,0,0,0
5886,1851,2016-04-28,86,57,0,143,429.14,426.93,0,856.07
5887,1851,2016-05-27,29,0,62,91,144.71,0,503.44,648.15
5888,1851,2016-06-25,31,19,0,50,154.69,142.31,0,297
5889,1851,2016-08-23,159,0,0,159,793.41,0,0,793.41
5890,1851,2016-09-22,0,0,0,0,0,0,0,0
5891,1851,2016-10-21,0,0,0,0,0,0,0,0
5892,1851,2016-12-19,20,128,57,205,99.8,958.72,462.84,1521.36
5893,1861,2016-06-01,0,77,58,135,0,576.73,470.96,1047.69
5894,1861,2016-09-28,0,183,205,388,0,1370.67,1664.6,3035.27
5895,1861,2016-12-25,39,35,61,135,194.61,262.15,495.32,952.08
5896,1871,2014-12-26,380,197,0,577,1896.2,1475.53,0,3371.73
5897,1871,2015-02-22,12,223,265,500,59.88,1670.27,2151.8,3881.95
5898,1871,2015-03-24,59,38,48,145,294.41,284.62,389.76,968.79
5899,1871,2015-05-21,86,213,0,299,429.14,1595.37,0,2024.51
5900,1871,2015-06-20,55,15,138,208,274.45,112.35,1120.56,1507.36
5901,1871,2015-09-17,7,41,25,73,34.93,307.09,203,545.02
5902,1871,2015-11-15,0,37,54,91,0,277.13,438.48,715.61
5903,1871,2016-01-14,33,48,10,91,164.67,359.52,81.2,605.39
5904,1871,2016-02-12,0,10,61,71,0,74.9,495.32,570.22
5905,1871,2016-03-12,14,330,1112,1456,69.86,2471.7,9029.44,11571
5906,1871,2016-06-07,378,0,51,429,1886.22,0,414.12,2300.34
5907,1871,2016-10-02,0,259,149,408,0,1939.91,1209.88,3149.79
5908,1871,2016-11-30,178,54,155,387,888.22,404.46,1258.6,2551.28
5909,1881,2015-05-08,0,79,467,546,0,591.71,3792.04,4383.75
5910,1881,2015-06-07,6,140,124,270,29.94,1048.6,1006.88,2085.42
5911,1881,2015-09-03,19,78,0,97,94.81,584.22,0,679.03
5912,1881,2015-10-03,90,63,72,225,449.1,471.87,584.64,1505.61
5913,1881,2015-11-02,21,109,34,164,104.79,816.41,276.08,1197.28
5914,1881,2015-12-02,37,33,19,89,184.63,247.17,154.28,586.08
5915,1881,2015-12-31,14,0,18,32,69.86,0,146.16,216.02
5916,1881,2016-02-28,6,98,8,112,29.94,734.02,64.96,828.92
5917,1881,2016-03-28,169,47,251,467,843.31,352.03,2038.12,3233.46
5918,1881,2016-04-27,111,140,0,251,553.89,1048.6,0,1602.49
5919,1881,2016-05-27,385,59,44,488,1921.15,441.91,357.28,2720.34
5920,1881,2016-07-26,0,73,343,416,0,546.77,2785.16,3331.93
5921,1881,2016-09-23,0,73,0,73,0,546.77,0,546.77
5922,1881,2016-12-20,419,8,119,546,2090.81,59.92,966.28,3117.01
5923,1891,2014-12-24,457,636,214,1307,2280.43,4763.64,1737.68,8781.75
5924,1891,2015-02-21,446,686,169,1301,2225.54,5138.14,1372.28,8735.96
5925,1891,2015-03-23,591,583,212,1386,2949.09,4366.67,1721.44,9037.2
5926,1891,2015-04-21,493,510,120,1123,2460.07,3819.9,974.4,7254.37
5927,1891,2015-05-21,577,586,166,1329,2879.23,4389.14,1347.92,8616.29
5928,1891,2015-06-20,459,595,176,1230,2290.41,4456.55,1429.12,8176.08
5929,1891,2015-08-17,499,522,164,1185,2490.01,3909.78,1331.68,7731.47
5930,1891,2015-09-16,334,643,219,1196,1666.66,4816.07,1778.28,8261.01
5931,1901,2015-03-03,0,98,0,98,0,734.02,0,734.02
5932,1901,2015-04-01,0,13,0,13,0,97.37,0,97.37
5933,1901,2015-05-01,192,0,1709,1901,958.08,0,13877.08,14835.16
5934,1901,2015-05-30,114,0,108,222,568.86,0,876.96,1445.82
5935,1901,2015-06-28,0,139,0,139,0,1041.11,0,1041.11
5936,1901,2015-10-22,59,0,46,105,294.41,0,373.52,667.93
5937,1901,2016-03-17,0,0,31,31,0,0,251.72,251.72
5938,1911,2017-01-01,517,599,56,1172,2579.83,4486.51,454.72,7521.06
5939,1921,2014-12-10,271,633,215,1119,1352.29,4741.17,1745.8,7839.26
5940,1921,2015-01-08,462,452,158,1072,2305.38,3385.48,1282.96,6973.82
5941,1921,2015-02-06,529,545,226,1300,2639.71,4082.05,1835.12,8556.88
5942,1921,2015-03-07,424,510,152,1086,2115.76,3819.9,1234.24,7169.9
5943,1921,2015-05-05,936,1386,228,2550,4670.64,10381.14,1851.36,16903.14
5944,1921,2015-07-03,528,494,369,1391,2634.72,3700.06,2996.28,9331.06
5945,1921,2015-08-01,596,528,256,1380,2974.04,3954.72,2078.72,9007.48
5946,1921,2015-08-31,422,664,231,1317,2105.78,4973.36,1875.72,8954.86
5947,1921,2015-09-30,550,545,207,1302,2744.5,4082.05,1680.84,8507.39
5948,1931,2016-06-05,4,19,25,48,19.96,142.31,203,365.27
5949,1931,2016-08-04,0,285,55,340,0,2134.65,446.6,2581.25
5950,1931,2016-11-01,287,80,362,729,1432.13,599.2,2939.44,4970.77
5951,1931,2016-12-01,16,0,68,84,79.84,0,552.16,632
5952,1941,2014-12-23,0,562,257,819,0,4209.38,2086.84,6296.22
5953,1941,2015-01-21,282,645,239,1166,1407.18,4831.05,1940.68,8178.91
5954,1941,2015-02-15,0,502,272,774,0,3759.98,2208.64,5968.62
5955,1941,2015-03-17,24,693,219,936,119.76,5190.57,1778.28,7088.61
5956,1941,2015-04-16,47,517,255,819,234.53,3872.33,2070.6,6177.46
5957,1941,2015-05-16,75,521,331,927,374.25,3902.29,2687.72,6964.26
5958,1941,2015-06-14,35,543,289,867,174.65,4067.07,2346.68,6588.4
5959,1941,2015-08-12,77,466,265,808,384.23,3490.34,2151.8,6026.37
5960,1941,2015-11-09,146,443,372,961,728.54,3318.07,3020.64,7067.25
5961,1941,2015-12-08,0,442,313,755,0,3310.58,2541.56,5852.14
5962,1941,2016-01-06,54,578,336,968,269.46,4329.22,2728.32,7327
5963,1941,2016-02-04,0,609,0,609,0,4561.41,0,4561.41
5964,1941,2016-03-05,17,656,1714,2387,84.83,4913.44,13917.68,18915.95
5965,1941,2016-04-03,53,429,333,815,264.47,3213.21,2703.96,6181.64
5966,1941,2016-06-29,4008,482,332,4822,19999.92,3610.18,2695.84,26305.94
5967,1941,2016-10-25,0,0,0,0,0,0,0,0
5968,1941,2016-11-24,171,499,373,1043,853.29,3737.51,3028.76,7619.56
5969,1941,2016-12-24,70,425,476,971,349.3,3183.25,3865.12,7397.67
5970,1951,2015-02-17,234,0,57,291,1167.66,0,462.84,1630.5
5971,1951,2015-03-19,0,32,361,393,0,239.68,2931.32,3171
5972,1951,2015-04-18,0,38,134,172,0,284.62,1088.08,1372.7
5973,1951,2015-05-17,0,87,0,87,0,651.63,0,651.63
5974,1951,2015-06-16,12,79,121,212,59.88,591.71,982.52,1634.11
5975,1951,2015-08-13,0,45,122,167,0,337.05,990.64,1327.69
5976,1951,2015-09-11,0,149,10,159,0,1116.01,81.2,1197.21
5977,1951,2015-12-09,56,249,27,332,279.44,1865.01,219.24,2363.69
5978,1951,2016-01-07,0,17,31,48,0,127.33,251.72,379.05
5979,1951,2016-02-06,0,94,0,94,0,704.06,0,704.06
5980,1951,2016-03-06,0,70,0,70,0,524.3,0,524.3
5981,1951,2016-05-04,0,29,17,46,0,217.21,138.04,355.25
5982,1951,2016-06-02,12,400,129,541,59.88,2996,1047.48,4103.36
5983,1951,2016-09-28,0,25,52,77,0,187.25,422.24,609.49
5984,1951,2016-10-27,14,123,16,153,69.86,921.27,129.92,1121.05
5985,1951,2016-11-26,0,7,284,291,0,52.43,2306.08,2358.51
5986,1951,2016-12-26,0,73,36,109,0,546.77,292.32,839.09
5987,1961,2015-01-08,579,780,248,1607,2889.21,5842.2,2013.76,10745.17
5988,1961,2015-02-07,385,0,185,570,1921.15,0,1502.2,3423.35
5989,1971,2014-12-09,0,96,102,198,0,719.04,828.24,1547.28
5990,1971,2015-02-06,0,0,0,0,0,0,0,0
5991,1971,2015-03-08,153,79,56,288,763.47,591.71,454.72,1809.9
5992,1971,2015-04-06,24,4,110,138,119.76,29.96,893.2,1042.92
5993,1971,2015-05-05,0,56,89,145,0,419.44,722.68,1142.12
5994,1971,2015-06-03,914,176,13,1103,4560.86,1318.24,105.56,5984.66
5995,1971,2015-07-03,0,130,0,130,0,973.7,0,973.7
5996,1971,2015-08-31,375,0,21,396,1871.25,0,170.52,2041.77
5997,1971,2015-09-29,0,146,44,190,0,1093.54,357.28,1450.82
5998,1971,2015-12-25,33,373,0,406,164.67,2793.77,0,2958.44
5999,1971,2016-02-22,65,0,0,65,324.35,0,0,324.35
6000,1971,2016-04-21,0,91,468,559,0,681.59,3800.16,4481.75
6001,1971,2016-08-17,0,378,28,406,0,2831.22,227.36,3058.58
6002,1971,2016-10-15,0,0,66,66,0,0,535.92,535.92
6003,1971,2016-11-13,1063,143,0,1206,5304.37,1071.07,0,6375.44
6004,1971,2016-12-13,25,0,262,287,124.75,0,2127.44,2252.19
6005,1981,2014-12-26,570,472,178,1220,2844.3,3535.28,1445.36,7824.94
6006,1981,2015-01-25,504,574,0,1078,2514.96,4299.26,0,6814.22
6007,1981,2015-03-24,554,882,0,1436,2764.46,6606.18,0,9370.64
6008,1981,2015-04-22,511,2266,0,2777,2549.89,16972.34,0,19522.23
6009,1981,2015-05-21,481,719,48,1248,2400.19,5385.31,389.76,8175.26
6010,1991,2015-12-20,0,21,99,120,0,157.29,803.88,961.17
6011,1991,2016-01-19,57,119,83,259,284.43,891.31,673.96,1849.7
6012,1991,2016-02-17,106,65,194,365,528.94,486.85,1575.28,2591.07
6013,1991,2016-06-13,0,98,110,208,0,734.02,893.2,1627.22
6014,1991,2016-09-09,0,143,38,181,0,1071.07,308.56,1379.63
6015,1991,2016-10-09,3,147,0,150,14.97,1101.03,0,1116
6016,2001,2015-03-27,0,6,0,6,0,44.94,0,44.94
6017,2001,2015-04-25,36,0,35,71,179.64,0,284.2,463.84
6018,2011,2014-12-15,0,0,112,112,0,0,909.44,909.44
6019,2011,2015-01-14,0,104,15,119,0,778.96,121.8,900.76
6020,2011,2015-04-13,21,142,111,274,104.79,1063.58,901.32,2069.69
6021,2021,2014-12-03,0,0,0,0,0,0,0,0
6022,2021,2015-01-01,25,81,0,106,124.75,606.69,0,731.44
6023,2021,2015-05-26,160,19,12,191,798.4,142.31,97.44,1038.15
6024,2021,2015-06-25,22,0,173,195,109.78,0,1404.76,1514.54
6025,2021,2015-08-24,0,0,85,85,0,0,690.2,690.2
6026,2021,2015-10-21,16,0,238,254,79.84,0,1932.56,2012.4
6027,2021,2015-11-20,0,55,21,76,0,411.95,170.52,582.47
6028,2021,2016-01-18,0,49,1,50,0,367.01,8.12,375.13
6029,2021,2016-02-16,0,89,64,153,0,666.61,519.68,1186.29
6030,2021,2016-03-17,0,265,65,330,0,1984.85,527.8,2512.65
6031,2021,2016-06-13,115,186,31,332,573.85,1393.14,251.72,2218.71
6032,2021,2016-08-10,305,0,10,315,1521.95,0,81.2,1603.15
6033,2021,2016-10-07,0,93,0,93,0,696.57,0,696.57
6034,2031,2015-04-20,0,0,36,36,0,0,292.32,292.32
6035,2031,2015-05-20,35,58,0,93,174.65,434.42,0,609.07
6036,2031,2015-06-18,0,80,110,190,0,599.2,893.2,1492.4
6037,2031,2015-07-17,0,14,511,525,0,104.86,4149.32,4254.18
6038,2031,2015-09-14,240,0,6,246,1197.6,0,48.72,1246.32
6039,2031,2015-10-13,55,101,64,220,274.45,756.49,519.68,1550.62
6040,2031,2015-11-11,0,46,140,186,0,344.54,1136.8,1481.34
6041,2031,2016-01-09,72,131,22,225,359.28,981.19,178.64,1519.11
6042,2031,2016-03-08,17,0,70,87,84.83,0,568.4,653.23
6043,2031,2016-04-07,0,123,29,152,0,921.27,235.48,1156.75
6044,2031,2016-08-02,0,196,0,196,0,1468.04,0,1468.04
6045,2031,2016-09-29,0,122,352,474,0,913.78,2858.24,3772.02
6046,2031,2016-10-29,0,85,114,199,0,636.65,925.68,1562.33
6047,2031,2016-12-27,64,106,47,217,319.36,793.94,381.64,1494.94
6048,2041,2016-07-15,481,593,60,1134,2400.19,4441.57,487.2,7328.96
6049,2051,2015-12-30,0,52,87,139,0,389.48,706.44,1095.92
6050,2061,2014-12-29,549,583,184,1316,2739.51,4366.67,1494.08,8600.26
6051,2061,2015-01-28,471,665,151,1287,2350.29,4980.85,1226.12,8557.26
6052,2061,2015-05-26,467,601,388,1456,2330.33,4501.49,3150.56,9982.38
6053,2061,2015-08-24,539,822,149,1510,2689.61,6156.78,1209.88,10056.27
6054,2061,2015-10-22,644,706,234,1584,3213.56,5287.94,1900.08,10401.58
6055,2061,2015-11-21,574,631,234,1439,2864.26,4726.19,1900.08,9490.53
6056,2071,2015-02-26,111,472,570,1153,553.89,3535.28,4628.4,8717.57
6057,2071,2015-03-27,0,450,347,797,0,3370.5,2817.64,6188.14
6058,2071,2015-04-26,59,413,347,819,294.41,3093.37,2817.64,6205.42
6059,2071,2015-07-24,61,0,0,61,304.39,0,0,304.39
6060,2071,2015-08-22,2610,503,414,3527,13023.9,3767.47,3361.68,20153.05
6061,2071,2015-09-21,25,233,296,554,124.75,1745.17,2403.52,4273.44
6062,2071,2015-11-19,29,515,261,805,144.71,3857.35,2119.32,6121.38
6063,2071,2015-12-19,171,519,335,1025,853.29,3887.31,2720.2,7460.8
6064,2071,2016-02-16,23,556,311,890,114.77,4164.44,2525.32,6804.53
6065,2071,2016-04-14,197,548,613,1358,983.03,4104.52,4977.56,10065.11
6066,2071,2016-05-13,287,457,289,1033,1432.13,3422.93,2346.68,7201.74
6067,2071,2016-06-11,60,371,1477,1908,299.4,2778.79,11993.24,15071.43
6068,2071,2016-07-10,0,5141,103,5244,0,38506.09,836.36,39342.45
6069,2071,2016-08-08,60,476,312,848,299.4,3565.24,2533.44,6398.08
6070,2071,2016-11-04,20,503,300,823,99.8,3767.47,2436,6303.27
6071,2071,2016-12-03,135,420,315,870,673.65,3145.8,2557.8,6377.25
6072,2081,2016-07-28,26,443,201,670,129.74,3318.07,1632.12,5079.93
6073,2081,2016-08-27,0,590,147,737,0,4419.1,1193.64,5612.74
6074,2081,2016-09-26,67,540,284,891,334.33,4044.6,2306.08,6685.01
6075,2081,2016-10-26,59,568,342,969,294.41,4254.32,2777.04,7325.77
6076,2091,2014-12-30,0,553,338,891,0,4141.97,2744.56,6886.53
6077,2091,2015-01-28,0,578,292,870,0,4329.22,2371.04,6700.26
6078,2091,2015-03-28,0,470,291,761,0,3520.3,2362.92,5883.22
6079,2091,2015-04-27,128,487,313,928,638.72,3647.63,2541.56,6827.91
6080,2091,2015-05-27,47,537,442,1026,234.53,4022.13,3589.04,7845.7
6081,2091,2015-06-26,32,547,284,863,159.68,4097.03,2306.08,6562.79
6082,2091,2015-07-25,102,485,0,587,508.98,3632.65,0,4141.63
6083,2091,2015-08-23,96,304,295,695,479.04,2276.96,2395.4,5151.4
6084,2091,2015-10-22,77,502,264,843,384.23,3759.98,2143.68,6287.89
6085,2091,2015-11-20,0,480,403,883,0,3595.2,3272.36,6867.56
6086,2091,2016-01-18,0,489,353,842,0,3662.61,2866.36,6528.97
6087,2091,2016-02-17,70,454,20,544,349.3,3400.46,162.4,3912.16
6088,2091,2016-03-17,212,467,313,992,1057.88,3497.83,2541.56,7097.27
6089,2091,2016-04-16,139,4712,354,5205,693.61,35292.88,2874.48,38860.97
6090,2091,2016-05-16,0,198,318,516,0,1483.02,2582.16,4065.18
6091,2091,2016-06-14,184,469,276,929,918.16,3512.81,2241.12,6672.09
6092,2091,2016-07-13,0,513,348,861,0,3842.37,2825.76,6668.13
6093,2091,2016-08-12,0,1176,294,1470,0,8808.24,2387.28,11195.52
6094,2091,2016-09-11,84,401,263,748,419.16,3003.49,2135.56,5558.21
6095,2091,2016-10-10,168,462,374,1004,838.32,3460.38,3036.88,7335.58
6096,2091,2016-12-08,75,494,236,805,374.25,3700.06,1916.32,5990.63
6097,2101,2014-12-26,473,594,246,1313,2360.27,4449.06,1997.52,8806.85
6098,2101,2015-01-24,318,583,162,1063,1586.82,4366.67,1315.44,7268.93
6099,2101,2015-02-22,548,725,114,1387,2734.52,5430.25,925.68,9090.45
6100,2101,2015-04-22,486,637,312,1435,2425.14,4771.13,2533.44,9729.71
6101,2101,2015-05-21,13,581,200,794,64.87,4351.69,1624,6040.56
6102,2111,2015-01-01,537,527,0,1064,2679.63,3947.23,0,6626.86
6103,2111,2015-01-31,470,481,305,1256,2345.3,3602.69,2476.6,8424.59
6104,2111,2015-03-02,377,851,248,1476,1881.23,6373.99,2013.76,10268.98
6105,2111,2015-03-31,519,687,213,1419,2589.81,5145.63,1729.56,9465
6106,2111,2015-05-28,547,604,366,1517,2729.53,4523.96,2971.92,10225.41
6107,2111,2015-06-27,465,648,285,1398,2320.35,4853.52,2314.2,9488.07
6108,2111,2015-08-24,569,439,56,1064,2839.31,3288.11,454.72,6582.14
6109,2111,2015-09-23,523,543,145,1211,2609.77,4067.07,1177.4,7854.24
6110,2111,2015-10-23,546,424,408,1378,2724.54,3175.76,3312.96,9213.26
6111,2121,2014-12-26,191,71,0,262,953.09,531.79,0,1484.88
6112,2121,2015-01-25,0,150,6,156,0,1123.5,48.72,1172.22
6113,2121,2015-03-24,0,0,14,14,0,0,113.68,113.68
6114,2121,2015-04-22,31,54,0,85,154.69,404.46,0,559.15
6115,2121,2015-05-21,39,12,1066,1117,194.61,89.88,8655.92,8940.41
6116,2121,2015-08-17,0,11,97,108,0,82.39,787.64,870.03
6117,2121,2015-11-13,51,70,0,121,254.49,524.3,0,778.79
6118,2121,2016-01-12,182,206,147,535,908.18,1542.94,1193.64,3644.76
6119,2121,2016-04-10,788,248,31,1067,3932.12,1857.52,251.72,6041.36
6120,2121,2016-06-08,0,0,42,42,0,0,341.04,341.04
6121,2121,2016-07-07,100,129,278,507,499,966.21,2257.36,3722.57
6122,2121,2016-09-03,67,82,56,205,334.33,614.18,454.72,1403.23
6123,2121,2016-10-02,102,80,51,233,508.98,599.2,414.12,1522.3
6124,2121,2016-12-29,167,0,54,221,833.33,0,438.48,1271.81
6125,2131,2015-08-31,190,0,462,652,948.1,0,3751.44,4699.54
6126,2131,2015-09-30,226,112,12,350,1127.74,838.88,97.44,2064.06
6127,2131,2015-10-29,9,0,161,170,44.91,0,1307.32,1352.23
6128,2131,2015-11-28,0,0,0,0,0,0,0,0
6129,2131,2016-01-25,177,65,48,290,883.23,486.85,389.76,1759.84
6130,2131,2016-02-24,0,49,0,49,0,367.01,0,367.01
6131,2131,2016-03-25,0,32,78,110,0,239.68,633.36,873.04
6132,2131,2016-06-21,0,74,199,273,0,554.26,1615.88,2170.14
6133,2131,2016-07-21,2008,80,4,2092,10019.92,599.2,32.48,10651.6
6134,2131,2016-08-20,0,0,90,90,0,0,730.8,730.8
6135,2141,2014-12-30,78,361,377,816,389.22,2703.89,3061.24,6154.35
6136,2141,2015-01-29,68,411,159,638,339.32,3078.39,1291.08,4708.79
6137,2141,2015-02-28,70,572,214,856,349.3,4284.28,1737.68,6371.26
6138,2141,2015-03-30,53,521,188,762,264.47,3902.29,1526.56,5693.32
6139,2141,2015-05-28,109,501,0,610,543.91,3752.49,0,4296.4
6140,2141,2015-06-26,0,515,319,834,0,3857.35,2590.28,6447.63
6141,2141,2015-07-25,0,464,338,802,0,3475.36,2744.56,6219.92
6142,2141,2015-08-24,27,495,249,771,134.73,3707.55,2021.88,5864.16
6143,2141,2015-12-18,54,518,372,944,269.46,3879.82,3020.64,7169.92
6144,2141,2016-01-17,30,717,267,1014,149.7,5370.33,2168.04,7688.07
6145,2141,2016-02-16,57,423,248,728,284.43,3168.27,2013.76,5466.46
6146,2141,2016-03-16,0,510,267,777,0,3819.9,2168.04,5987.94
6147,2141,2016-05-13,128,496,298,922,638.72,3715.04,2419.76,6773.52
6148,2141,2016-06-12,67,529,408,1004,334.33,3962.21,3312.96,7609.5
6149,2141,2016-08-11,121,597,346,1064,603.79,4471.53,2809.52,7884.84
6150,2141,2016-09-09,0,567,91,658,0,4246.83,738.92,4985.75
6151,2141,2016-10-10,26,526,1137,1689,129.74,3939.74,9232.44,13301.92
6152,2141,2016-11-08,0,424,346,770,0,3175.76,2809.52,5985.28
6153,2141,2016-12-08,181,418,334,933,903.19,3130.82,2712.08,6746.09
6154,2151,2014-12-16,0,64,130,194,0,479.36,1055.6,1534.96
6155,2151,2015-06-11,14,68,102,184,69.86,509.32,828.24,1407.42
6156,2151,2015-09-08,0,48,269,317,0,359.52,2184.28,2543.8
6157,2151,2015-10-08,0,43,0,43,0,322.07,0,322.07
6158,2151,2015-12-07,7,777,23,807,34.93,5819.73,186.76,6041.42
6159,2151,2016-01-05,0,32,522,554,0,239.68,4238.64,4478.32
6160,2151,2016-02-03,16,14,1060,1090,79.84,104.86,8607.2,8791.9
6161,2151,2016-04-01,1746,100,0,1846,8712.54,749,0,9461.54
6162,2151,2016-07-29,296,136,121,553,1477.04,1018.64,982.52,3478.2
6163,2151,2016-10-27,0,0,0,0,0,0,0,0
6164,2151,2016-11-26,0,41,0,41,0,307.09,0,307.09
6165,2171,2015-03-19,0,21,49,70,0,157.29,397.88,555.17
6166,2171,2015-06-14,65,0,465,530,324.35,0,3775.8,4100.15
6167,2171,2015-07-14,89,39,0,128,444.11,292.11,0,736.22
6168,2171,2015-10-10,0,7,66,73,0,52.43,535.92,588.35
6169,2171,2015-12-08,46,47,144,237,229.54,352.03,1169.28,1750.85
6170,2171,2016-01-06,6,68,38,112,29.94,509.32,308.56,847.82
6171,2171,2016-05-03,34,0,52,86,169.66,0,422.24,591.9
6172,2171,2016-06-02,0,198,11,209,0,1483.02,89.32,1572.34
6173,2171,2016-08-29,20,72,5,97,99.8,539.28,40.6,679.68
6174,2171,2016-11-25,0,93,46,139,0,696.57,373.52,1070.09
6175,2181,2015-01-22,45,917,276,1238,224.55,6868.33,2241.12,9334
6176,2181,2015-02-20,61,474,591,1126,304.39,3550.26,4798.92,8653.57
6177,2181,2015-04-19,0,512,345,857,0,3834.88,2801.4,6636.28
6178,2181,2015-05-18,45,569,308,922,224.55,4261.81,2500.96,6987.32
6179,2181,2015-06-17,178,440,270,888,888.22,3295.6,2192.4,6376.22
6180,2181,2015-08-14,81,455,342,878,404.19,3407.95,2777.04,6589.18
6181,2181,2015-09-13,334,475,0,809,1666.66,3557.75,0,5224.41
6182,2181,2015-10-12,99,520,307,926,494.01,3894.8,2492.84,6881.65
6183,2181,2015-11-11,0,488,377,865,0,3655.12,3061.24,6716.36
6184,2181,2015-12-10,110,445,292,847,548.9,3333.05,2371.04,6252.99
6185,2181,2016-03-08,0,509,255,764,0,3812.41,2070.6,5883.01
6186,2181,2016-06-03,64,310,350,724,319.36,2321.9,2842,5483.26
6187,2181,2016-08-02,39,915,499,1453,194.61,6853.35,4051.88,11099.84
6188,2181,2016-10-01,264,488,304,1056,1317.36,3655.12,2468.48,7440.96
6189,2181,2016-11-29,114,471,527,1112,568.86,3527.79,4279.24,8375.89
6190,2181,2016-12-29,38,76,283,397,189.62,569.24,2297.96,3056.82
6191,2191,2015-01-01,0,1004,284,1288,0,7519.96,2306.08,9826.04
6192,2191,2015-01-30,1,519,314,834,4.99,3887.31,2549.68,6441.98
6193,2191,2015-03-01,0,380,296,676,0,2846.2,2403.52,5249.72
6194,2191,2015-04-29,0,200,149,349,0,1498,1209.88,2707.88
6195,2191,2015-07-26,56,332,270,658,279.44,2486.68,2192.4,4958.52
6196,2191,2015-09-22,63,1354,270,1687,314.37,10141.46,2192.4,12648.23
6197,2191,2015-11-20,175,343,408,926,873.25,2569.07,3312.96,6755.28
6198,2191,2016-01-19,438,501,345,1284,2185.62,3752.49,2801.4,8739.51
6199,2191,2016-03-17,68,584,195,847,339.32,4374.16,1583.4,6296.88
6200,2191,2016-04-16,0,466,263,729,0,3490.34,2135.56,5625.9
6201,2191,2016-05-16,11,381,291,683,54.89,2853.69,2362.92,5271.5
6202,2191,2016-07-14,82,601,0,683,409.18,4501.49,0,4910.67
6203,2191,2016-08-13,100,684,518,1302,499,5123.16,4206.16,9828.32
6204,2191,2016-09-12,0,484,251,735,0,3625.16,2038.12,5663.28
6205,2191,2016-10-11,198,543,0,741,988.02,4067.07,0,5055.09
6206,2191,2016-11-10,14,519,294,827,69.86,3887.31,2387.28,6344.45
6207,2191,2016-12-09,24,564,277,865,119.76,4224.36,2249.24,6593.36
6208,2201,2014-12-23,0,0,7,7,0,0,56.84,56.84
6209,2201,2015-01-21,6,86,103,195,29.94,644.14,836.36,1510.44
6210,2201,2015-04-19,148,41,25,214,738.52,307.09,203,1248.61
6211,2201,2015-05-19,0,0,36,36,0,0,292.32,292.32
6212,2201,2015-08-15,0,85,40,125,0,636.65,324.8,961.45
6213,2201,2015-09-13,15,38,33,86,74.85,284.62,267.96,627.43
6214,2201,2015-10-13,148,152,61,361,738.52,1138.48,495.32,2372.32
6215,2201,2015-12-11,0,38,79,117,0,284.62,641.48,926.1
6216,2201,2016-01-09,196,0,0,196,978.04,0,0,978.04
6217,2201,2016-02-08,0,70,30,100,0,524.3,243.6,767.9
6218,2201,2016-03-08,5,79,38,122,24.95,591.71,308.56,925.22
6219,2201,2016-06-05,0,195,23,218,0,1460.55,186.76,1647.31
6220,2201,2016-07-05,0,258,106,364,0,1932.42,860.72,2793.14
6221,2201,2016-08-04,0,185,0,185,0,1385.65,0,1385.65
6222,2201,2016-09-03,264,0,83,347,1317.36,0,673.96,1991.32
6223,2201,2016-10-02,1995,151,104,2250,9955.05,1130.99,844.48,11930.52
6224,2201,2016-11-01,64,0,0,64,319.36,0,0,319.36
6225,2201,2016-11-30,105,17,79,201,523.95,127.33,641.48,1292.76
6226,2201,2016-12-29,51,84,63,198,254.49,629.16,511.56,1395.21
6227,2211,2015-01-23,23,161,9,193,114.77,1205.89,73.08,1393.74
6228,2211,2015-04-23,25,0,0,25,124.75,0,0,124.75
6229,2211,2015-05-23,110,41,489,640,548.9,307.09,3970.68,4826.67
6230,2211,2015-07-22,10,133,154,297,49.9,996.17,1250.48,2296.55
6231,2211,2015-08-20,129,131,0,260,643.71,981.19,0,1624.9
6232,2211,2015-10-17,0,59,0,59,0,441.91,0,441.91
6233,2211,2015-11-15,261,4,17931,18196,1302.39,29.96,145599.72,146932.07
6234,2211,2016-01-12,0,56,199,255,0,419.44,1615.88,2035.32
6235,2211,2016-03-10,10,56,46,112,49.9,419.44,373.52,842.86
6236,2211,2016-04-08,0,0,8,8,0,0,64.96,64.96
6237,2211,2016-06-06,52,39,136,227,259.48,292.11,1104.32,1655.91
6238,2211,2016-08-04,0,5,6,11,0,37.45,48.72,86.17
6239,2221,2015-01-25,0,454,319,773,0,3400.46,2590.28,5990.74
6240,2221,2015-02-23,0,518,370,888,0,3879.82,3004.4,6884.22
6241,2221,2015-03-25,0,605,285,890,0,4531.45,2314.2,6845.65
6242,2221,2015-04-24,42,506,333,881,209.58,3789.94,2703.96,6703.48
6243,2221,2015-07-20,68,510,256,834,339.32,3819.9,2078.72,6237.94
6244,2221,2015-08-18,0,700,410,1110,0,5243,3329.2,8572.2
6245,2221,2015-09-17,89,417,94,600,444.11,3123.33,763.28,4330.72
6246,2221,2015-10-17,0,513,313,826,0,3842.37,2541.56,6383.93
6247,2221,2015-11-16,39,537,324,900,194.61,4022.13,2630.88,6847.62
6248,2221,2016-01-14,259,568,272,1099,1292.41,4254.32,2208.64,7755.37
6249,2221,2016-02-12,54,487,0,541,269.46,3647.63,0,3917.09
6250,2221,2016-03-13,0,593,315,908,0,4441.57,2557.8,6999.37
6251,2221,2016-04-12,130,473,109728,110331,648.7,3542.77,890991.36,895182.83
6252,2221,2016-05-12,34,467,265,766,169.66,3497.83,2151.8,5819.29
6253,2221,2016-06-11,130,467,370,967,648.7,3497.83,3004.4,7150.93
6254,2221,2016-08-09,154,1089,0,1243,768.46,8156.61,0,8925.07
6255,2221,2016-09-07,29,478,377,884,144.71,3580.22,3061.24,6786.17
6256,2221,2016-10-06,40,541,341,922,199.6,4052.09,2768.92,7020.61
6257,2221,2016-12-04,123,163,320,606,613.77,1220.87,2598.4,4433.04
6258,2231,2015-05-17,0,32,100,132,0,239.68,812,1051.68
6259,2231,2015-07-15,97,85,0,182,484.03,636.65,0,1120.68
6260,2231,2015-08-13,273,74,141,488,1362.27,554.26,1144.92,3061.45
6261,2231,2015-09-11,5147,75,34,5256,25683.53,561.75,276.08,26521.36
6262,2231,2015-10-10,0,0,223,223,0,0,1810.76,1810.76
6263,2231,2015-11-09,5,0,18,23,24.95,0,146.16,171.11
6264,2231,2015-12-08,51,5,0,56,254.49,37.45,0,291.94
6265,2231,2016-02-05,8,747,6,761,39.92,5595.03,48.72,5683.67
6266,2231,2016-04-03,31,41,5,77,154.69,307.09,40.6,502.38
6267,2231,2016-08-30,0,0,5,5,0,0,40.6,40.6
6268,2231,2016-09-28,127,5,58,190,633.73,37.45,470.96,1142.14
6269,2231,2016-10-28,0,0,157,157,0,0,1274.84,1274.84
6270,2231,2016-12-27,0,87,35,122,0,651.63,284.2,935.83
6271,2241,2015-12-06,47,461,236,744,234.53,3452.89,1916.32,5603.74
6272,2241,2016-01-04,38,1410,274,1722,189.62,10560.9,2224.88,12975.4
6273,2241,2016-02-03,78,508,308,894,389.22,3804.92,2500.96,6695.1
6274,2241,2016-04-03,72,99,451,622,359.28,741.51,3662.12,4762.91
6275,2241,2016-05-03,48,502,230,780,239.52,3759.98,1867.6,5867.1
6276,2241,2016-06-02,140,582,224,946,698.6,4359.18,1818.88,6876.66
6277,2241,2016-08-31,36,403,460,899,179.64,3018.47,3735.2,6933.31
6278,2241,2016-09-29,73,918,353,1344,364.27,6875.82,2866.36,10106.45
6279,2241,2016-12-26,1,491,254,746,4.99,3677.59,2062.48,5745.06
6280,2251,2014-12-19,224,432,319,975,1117.76,3235.68,2590.28,6943.72
6281,2251,2015-01-17,0,952,350,1302,0,7130.48,2842,9972.48
6282,2251,2015-02-15,0,568,250,818,0,4254.32,2030,6284.32
6283,2251,2015-03-17,26,410,243,679,129.74,3070.9,1973.16,5173.8
6284,2251,2015-04-15,0,481,431,912,0,3602.69,3499.72,7102.41
6285,2251,2015-05-14,153,509,184,846,763.47,3812.41,1494.08,6069.96
6286,2251,2015-06-13,69,463,251,783,344.31,3467.87,2038.12,5850.3
6287,2251,2015-07-13,14,337,246,597,69.86,2524.13,1997.52,4591.51
6288,2251,2015-08-12,0,344,293,637,0,2576.56,2379.16,4955.72
6289,2251,2015-09-10,67,492,497,1056,334.33,3685.08,4035.64,8055.05
6290,2251,2015-10-10,0,594,277,871,0,4449.06,2249.24,6698.3
6291,2251,2015-11-08,119,418,403,940,593.81,3130.82,3272.36,6996.99
6292,2251,2015-12-07,102,942,369,1413,508.98,7055.58,2996.28,10560.84
6293,2251,2016-01-06,0,518,210,728,0,3879.82,1705.2,5585.02
6294,2251,2016-02-05,0,488,421,909,0,3655.12,3418.52,7073.64
6295,2251,2016-03-06,152,478,198,828,758.48,3580.22,1607.76,5946.46
6296,2251,2016-05-05,0,470,1189,1659,0,3520.3,9654.68,13174.98
6297,2251,2016-06-03,0,353,1316,1669,0,2643.97,10685.92,13329.89
6298,2251,2016-07-02,24,449,276,749,119.76,3363.01,2241.12,5723.89
6299,2251,2016-08-01,0,508,199,707,0,3804.92,1615.88,5420.8
6300,2251,2016-08-30,29,561,221,811,144.71,4201.89,1794.52,6141.12
6301,2251,2016-10-27,1608,489,393,2490,8023.92,3662.61,3191.16,14877.69
6302,2251,2016-11-25,0,503,474,977,0,3767.47,3848.88,7616.35
6303,2251,2016-12-25,74,0,628,702,369.26,0,5099.36,5468.62
6304,2261,2016-12-09,463,573,227,1263,2310.37,4291.77,1843.24,8445.38
6305,2271,2016-09-19,183,690,298,1171,913.17,5168.1,2419.76,8501.03
6306,2271,2016-10-18,53,519,274,846,264.47,3887.31,2224.88,6376.66
6307,2271,2016-12-16,32,440,348,820,159.68,3295.6,2825.76,6281.04
6308,2291,2015-07-27,0,66,0,66,0,494.34,0,494.34
6309,2301,2014-12-07,30,65,0,95,149.7,486.85,0,636.55
6310,2301,2015-02-04,338,95,0,433,1686.62,711.55,0,2398.17
6311,2301,2015-03-06,0,0,84,84,0,0,682.08,682.08
6312,2301,2015-04-05,2,29,0,31,9.98,217.21,0,227.19
6313,2301,2015-05-05,45,129,0,174,224.55,966.21,0,1190.76
6314,2301,2015-08-02,124,0,226,350,618.76,0,1835.12,2453.88
6315,2301,2015-10-31,0,0,0,0,0,0,0,0
6316,2301,2015-11-29,0,151,60,211,0,1130.99,487.2,1618.19
6317,2301,2016-01-27,15,238,47,300,74.85,1782.62,381.64,2239.11
6318,2301,2016-03-26,0,62,101,163,0,464.38,820.12,1284.5
6319,2301,2016-04-24,0,37,39,76,0,277.13,316.68,593.81
6320,2301,2016-07-21,93,28,0,121,464.07,209.72,0,673.79
6321,2301,2016-11-15,0,177,102,279,0,1325.73,828.24,2153.97
6322,2311,2014-12-17,508,614,139,1261,2534.92,4598.86,1128.68,8262.46
6323,2311,2015-01-15,144,6982,366,7492,718.56,52295.18,2971.92,55985.66
6324,2321,2014-12-21,0,120,70,190,0,898.8,568.4,1467.2
6325,2321,2015-01-19,0,173,145,318,0,1295.77,1177.4,2473.17
6326,2321,2015-03-20,8,192,36,236,39.92,1438.08,292.32,1770.32
6327,2321,2015-04-19,0,0,283,283,0,0,2297.96,2297.96
6328,2321,2015-05-19,0,34,122,156,0,254.66,990.64,1245.3
6329,2321,2015-06-18,30,238,237,505,149.7,1782.62,1924.44,3856.76
6330,2321,2015-10-15,0,318,0,318,0,2381.82,0,2381.82
6331,2321,2015-12-14,0,125,0,125,0,936.25,0,936.25
6332,2321,2016-01-13,47,0,46,93,234.53,0,373.52,608.05
6333,2331,2015-11-07,18,28,134,180,89.82,209.72,1088.08,1387.62
6334,2331,2016-02-03,31,70,66,167,154.69,524.3,535.92,1214.91
6335,2331,2016-06-01,0,47,120,167,0,352.03,974.4,1326.43
6336,2331,2016-10-27,289,277,93,659,1442.11,2074.73,755.16,4272
6337,2341,2015-09-02,0,549,207,756,0,4112.01,1680.84,5792.85
6338,2341,2015-10-02,0,399,210,609,0,2988.51,1705.2,4693.71
6339,2341,2015-10-31,119,462,271,852,593.81,3460.38,2200.52,6254.71
6340,2341,2015-11-30,67,547,358,972,334.33,4097.03,2906.96,7338.32
6341,2341,2015-12-29,0,448,309,757,0,3355.52,2509.08,5864.6
6342,2341,2016-01-28,89,876,385,1350,444.11,6561.24,3126.2,10131.55
6343,2341,2016-02-26,118,520,848,1486,588.82,3894.8,6885.76,11369.38
6344,2341,2016-03-26,20,2251,234,2505,99.8,16859.99,1900.08,18859.87
6345,2341,2016-04-25,23,798,328,1149,114.77,5977.02,2663.36,8755.15
6346,2341,2016-05-24,0,428,4938,5366,0,3205.72,40096.56,43302.28
6347,2341,2016-07-22,0,528,147,675,0,3954.72,1193.64,5148.36
6348,2341,2016-08-21,0,259,302,561,0,1939.91,2452.24,4392.15
6349,2351,2015-01-20,251,305,23,579,1252.49,2284.45,186.76,3723.7
6350,2351,2015-02-18,264,58,0,322,1317.36,434.42,0,1751.78
6351,2351,2015-03-19,473,0,12,485,2360.27,0,97.44,2457.71
6352,2351,2015-06-15,0,313,86,399,0,2344.37,698.32,3042.69
6353,2351,2015-08-13,0,88,0,88,0,659.12,0,659.12
6354,2351,2015-09-12,0,0,59,59,0,0,479.08,479.08
6355,2351,2015-11-10,0,45,0,45,0,337.05,0,337.05
6356,2351,2015-12-09,0,38,0,38,0,284.62,0,284.62
6357,2351,2016-01-08,0,149,166,315,0,1116.01,1347.92,2463.93
6358,2351,2016-02-07,0,0,60,60,0,0,487.2,487.2
6359,2351,2016-03-08,0,55,47,102,0,411.95,381.64,793.59
6360,2351,2016-05-06,0,136,0,136,0,1018.64,0,1018.64
6361,2351,2016-06-05,5,125,24,154,24.95,936.25,194.88,1156.08
6362,2351,2016-08-03,185,113,14,312,923.15,846.37,113.68,1883.2
6363,2351,2016-09-01,0,55,49,104,0,411.95,397.88,809.83
6364,2351,2016-10-30,20,0,35,55,99.8,0,284.2,384
6365,2361,2015-10-24,674,808,233,1715,3363.26,6051.92,1891.96,11307.14
6366,2361,2015-11-23,532,591,428,1551,2654.68,4426.59,3475.36,10556.63
6367,2361,2015-12-23,501,592,208,1301,2499.99,4434.08,1688.96,8623.03
6368,2371,2016-08-22,0,36,1225,1261,0,269.64,9947,10216.64
6369,2371,2016-09-20,0,117,48,165,0,876.33,389.76,1266.09
6370,2381,2014-12-20,453,625,202,1280,2260.47,4681.25,1640.24,8581.96
6371,2381,2015-01-18,508,461,223,1192,2534.92,3452.89,1810.76,7798.57
6372,2381,2015-02-17,723,484,172,1379,3607.77,3625.16,1396.64,8629.57
6373,2381,2015-03-19,614,430,208,1252,3063.86,3220.7,1688.96,7973.52
6374,2381,2015-04-17,465,598,203,1266,2320.35,4479.02,1648.36,8447.73
6375,2381,2015-06-15,475,454,111,1040,2370.25,3400.46,901.32,6672.03
6376,2391,2014-12-30,0,39,0,39,0,292.11,0,292.11
6377,2391,2015-01-29,68,62,43,173,339.32,464.38,349.16,1152.86
6378,2391,2015-02-27,97,147,0,244,484.03,1101.03,0,1585.06
6379,2391,2015-03-29,0,64,335,399,0,479.36,2720.2,3199.56
6380,2391,2015-04-27,24,18,18,60,119.76,134.82,146.16,400.74
6381,2391,2015-07-24,123,208,0,331,613.77,1557.92,0,2171.69
6382,2391,2015-09-21,0,0,18,18,0,0,146.16,146.16
6383,2391,2015-10-20,0,337,161,498,0,2524.13,1307.32,3831.45
6384,2391,2015-11-19,56,40,55,151,279.44,299.6,446.6,1025.64
6385,2391,2015-12-19,0,72,93,165,0,539.28,755.16,1294.44
6386,2391,2016-04-16,7,0,0,7,34.93,0,0,34.93
6387,2391,2016-05-16,0,85,62,147,0,636.65,503.44,1140.09
6388,2391,2016-08-13,5,373,78,456,24.95,2793.77,633.36,3452.08
6389,2391,2016-10-11,48,0,7,55,239.52,0,56.84,296.36
6390,2391,2016-11-10,20,0,49,69,99.8,0,397.88,497.68
6391,2391,2016-12-09,0,0,42,42,0,0,341.04,341.04
6392,2401,2016-12-04,88,534,1381,2003,439.12,3999.66,11213.72,15652.5
6393,2411,2015-12-19,289,0,60,349,1442.11,0,487.2,1929.31
6394,2411,2016-03-17,0,55,51,106,0,411.95,414.12,826.07
6395,2411,2016-05-15,0,598,87,685,0,4479.02,706.44,5185.46
6396,2411,2016-06-13,0,46,0,46,0,344.54,0,344.54
6397,2411,2016-07-13,0,83,0,83,0,621.67,0,621.67
6398,2411,2016-08-11,280,0,0,280,1397.2,0,0,1397.2
6399,2411,2016-10-08,0,68,16,84,0,509.32,129.92,639.24
6400,2411,2016-12-06,0,21,222,243,0,157.29,1802.64,1959.93
6401,2421,2016-10-12,545,686,218,1449,2719.55,5138.14,1770.16,9627.85
6402,2421,2016-11-10,607,711,216,1534,3028.93,5325.39,1753.92,10108.24
6403,2421,2016-12-10,1151,0,206,1357,5743.49,0,1672.72,7416.21
6404,2431,2014-12-28,670,606,77,1353,3343.3,4538.94,625.24,8507.48
6405,2431,2015-03-27,1487,71,212,1770,7420.13,531.79,1721.44,9673.36
6406,2431,2015-04-26,444,138,141,723,2215.56,1033.62,1144.92,4394.1
6407,2431,2015-06-23,421,672,0,1093,2100.79,5033.28,0,7134.07
6408,2431,2015-07-23,305,668,185,1158,1521.95,5003.32,1502.2,8027.47
6409,2431,2015-08-22,405,501,182,1088,2020.95,3752.49,1477.84,7251.28
6410,2441,2015-01-11,0,503,356,859,0,3767.47,2890.72,6658.19
6411,2441,2015-02-10,394,383,278,1055,1966.06,2868.67,2257.36,7092.09
6412,2441,2015-03-11,146,491,539,1176,728.54,3677.59,4376.68,8782.81
6413,2441,2015-04-09,40,514,313,867,199.6,3849.86,2541.56,6591.02
6414,2441,2015-07-06,27,1753,315,2095,134.73,13129.97,2557.8,15822.5
6415,2441,2015-08-04,11,487,972,1470,54.89,3647.63,7892.64,11595.16
6416,2441,2015-09-02,0,475,126,601,0,3557.75,1023.12,4580.87
6417,2441,2015-10-01,0,450,757,1207,0,3370.5,6146.84,9517.34
6418,2441,2015-10-30,0,498,386,884,0,3730.02,3134.32,6864.34
6419,2441,2015-11-28,47,376,229,652,234.53,2816.24,1859.48,4910.25
6420,2441,2015-12-27,19,506,344,869,94.81,3789.94,2793.28,6678.03
6421,2441,2016-01-25,64,474,212,750,319.36,3550.26,1721.44,5591.06
6422,2441,2016-02-23,39,441,431,911,194.61,3303.09,3499.72,6997.42
6423,2441,2016-03-24,38,414,354,806,189.62,3100.86,2874.48,6164.96
6424,2441,2016-04-22,51,711,194,956,254.49,5325.39,1575.28,7155.16
6425,2441,2016-05-21,46,536,578,1160,229.54,4014.64,4693.36,8937.54
6426,2441,2016-06-20,0,44,357,401,0,329.56,2898.84,3228.4
6427,2441,2016-09-17,60,544,333,937,299.4,4074.56,2703.96,7077.92
6428,2441,2016-10-17,0,519,292,811,0,3887.31,2371.04,6258.35
6429,2451,2015-01-01,194,57,36,287,968.06,426.93,292.32,1687.31
6430,2451,2015-01-30,0,228,0,228,0,1707.72,0,1707.72
6431,2451,2015-04-30,44,90,77,211,219.56,674.1,625.24,1518.9
6432,2451,2015-05-30,8,60,139,207,39.92,449.4,1128.68,1618
6433,2451,2015-08-26,10,0,0,10,49.9,0,0,49.9
6434,2451,2015-09-24,43,25,0,68,214.57,187.25,0,401.82
6435,2451,2016-01-20,0,425,128,553,0,3183.25,1039.36,4222.61
6436,2451,2016-02-18,27,43,38,108,134.73,322.07,308.56,765.36
6437,2451,2016-06-15,0,172,28,200,0,1288.28,227.36,1515.64
6438,2451,2016-08-12,29,60,115,204,144.71,449.4,933.8,1527.91
6439,2451,2016-09-11,89,69,62,220,444.11,516.81,503.44,1464.36
6440,2451,2016-10-10,208,35,16,259,1037.92,262.15,129.92,1429.99
6441,2461,2015-01-12,529,582,120,1231,2639.71,4359.18,974.4,7973.29
6442,2461,2015-02-11,550,601,169,1320,2744.5,4501.49,1372.28,8618.27
6443,2461,2015-03-13,534,0,111,645,2664.66,0,901.32,3565.98
6444,2461,2015-04-12,453,453,191,1097,2260.47,3392.97,1550.92,7204.36
6445,2461,2015-05-11,448,54885,0,55333,2235.52,411088.65,0,413324.17
6446,2461,2015-06-10,493,666,182,1341,2460.07,4988.34,1477.84,8926.25
6447,2461,2015-07-09,518,472,160,1150,2584.82,3535.28,1299.2,7419.3
6448,2461,2015-08-08,631,1508,217,2356,3148.69,11294.92,1762.04,16205.65
6449,2461,2015-09-07,446,632,0,1078,2225.54,4733.68,0,6959.22
6450,2461,2015-10-06,741,530,593,1864,3697.59,3969.7,4815.16,12482.45
6451,2461,2015-11-04,443,797,189,1429,2210.57,5969.53,1534.68,9714.78
6452,2461,2016-01-30,653,660,219,1532,3258.47,4943.4,1778.28,9980.15
6453,2461,2016-02-28,1424,981,390,2795,7105.76,7347.69,3166.8,17620.25
6454,2461,2016-03-28,507,723,399,1629,2529.93,5415.27,3239.88,11185.08
6455,2461,2016-04-27,403,275,273,951,2010.97,2059.75,2216.76,6287.48
6456,2461,2016-07-23,483,645,0,1128,2410.17,4831.05,0,7241.22
6457,2461,2016-08-22,418,590,440,1448,2085.82,4419.1,3572.8,10077.72
6458,2471,2014-12-27,0,0,70,70,0,0,568.4,568.4
6459,2471,2015-01-25,0,100,0,100,0,749,0,749
6460,2471,2015-02-24,0,19,43,62,0,142.31,349.16,491.47
6461,2471,2015-03-25,0,67,0,67,0,501.83,0,501.83
6462,2471,2015-06-22,0,0,45,45,0,0,365.4,365.4
6463,2471,2015-09-17,0,0,238,238,0,0,1932.56,1932.56
6464,2471,2015-11-15,0,57,0,57,0,426.93,0,426.93
6465,2471,2015-12-14,63,125,0,188,314.37,936.25,0,1250.62
6466,2471,2016-02-11,0,90,44,134,0,674.1,357.28,1031.38
6467,2471,2016-06-06,0,168,0,168,0,1258.32,0,1258.32
6468,2471,2016-10-01,0,109,34,143,0,816.41,276.08,1092.49
6469,2471,2016-10-30,13,91,0,104,64.87,681.59,0,746.46
6470,2481,2015-01-02,516,688,298,1502,2574.84,5153.12,2419.76,10147.72
6471,2481,2015-01-31,492,631,350,1473,2455.08,4726.19,2842,10023.27
6472,2491,2015-01-13,115,532,294,941,573.85,3984.68,2387.28,6945.81
6473,2491,2015-03-12,27,515,76,618,134.73,3857.35,617.12,4609.2
6474,2491,2015-06-08,15,524,318,857,74.85,3924.76,2582.16,6581.77
6475,2491,2015-08-05,0,449,243,692,0,3363.01,1973.16,5336.17
6476,2491,2015-09-03,84,541,264,889,419.16,4052.09,2143.68,6614.93
6477,2491,2015-12-30,160,529,290,979,798.4,3962.21,2354.8,7115.41
6478,2491,2016-01-28,263,462,348,1073,1312.37,3460.38,2825.76,7598.51
6479,2491,2016-02-26,66,497,321,884,329.34,3722.53,2606.52,6658.39
6480,2491,2016-03-26,362,1077,330,1769,1806.38,8066.73,2679.6,12552.71
6481,2491,2016-04-25,108,831,347,1286,538.92,6224.19,2817.64,9580.75
6482,2491,2016-06-23,51,554,322,927,254.49,4149.46,2614.64,7018.59
6483,2491,2016-07-23,52,562,267,881,259.48,4209.38,2168.04,6636.9
6484,2491,2016-08-21,378,704,275,1357,1886.22,5272.96,2233,9392.18
6485,2491,2016-09-20,0,485,78,563,0,3632.65,633.36,4266.01
6486,2491,2016-10-20,19,547,2346,2912,94.81,4097.03,19049.52,23241.36
6487,2491,2016-12-17,21,513,282,816,104.79,3842.37,2289.84,6237
6488,2501,2016-07-25,45,47,9,101,224.55,352.03,73.08,649.66
6489,2511,2015-03-09,484,487,288,1259,2415.16,3647.63,2338.56,8401.35
6490,2511,2015-04-07,0,470,408,878,0,3520.3,3312.96,6833.26
6491,2511,2015-05-07,2761,500,0,3261,13777.39,3745,0,17522.39
6492,2511,2015-06-06,0,595,347,942,0,4456.55,2817.64,7274.19
6493,2511,2015-07-05,76,778,0,854,379.24,5827.22,0,6206.46
6494,2511,2015-08-04,143,495,243,881,713.57,3707.55,1973.16,6394.28
6495,2511,2015-09-02,136,545,282,963,678.64,4082.05,2289.84,7050.53
6496,2511,2015-10-01,122,367,278,767,608.78,2748.83,2257.36,5614.97
6497,2511,2015-10-30,0,356,240,596,0,2666.44,1948.8,4615.24
6498,2511,2015-11-28,56,519,8,583,279.44,3887.31,64.96,4231.71
6499,2511,2015-12-27,186,459,325,970,928.14,3437.91,2639,7005.05
6500,2511,2016-01-26,66,544,294,904,329.34,4074.56,2387.28,6791.18
6501,2511,2016-02-24,174,551,350,1075,868.26,4126.99,2842,7837.25
6502,2511,2016-03-25,0,569,331,900,0,4261.81,2687.72,6949.53
6503,2511,2016-06-21,30,569,318,917,149.7,4261.81,2582.16,6993.67
6504,2511,2016-07-21,78,556,324,958,389.22,4164.44,2630.88,7184.54
6505,2511,2016-08-20,354,530,305,1189,1766.46,3969.7,2476.6,8212.76
6506,2511,2016-09-19,0,456,331,787,0,3415.44,2687.72,6103.16
6507,2511,2016-10-18,44,528,181,753,219.56,3954.72,1469.72,5644
6508,2511,2016-12-16,0,527,349,876,0,3947.23,2833.88,6781.11
6509,2521,2015-01-20,84,437,1473,1994,419.16,3273.13,11960.76,15653.05
6510,2521,2015-02-19,72,553,309,934,359.28,4141.97,2509.08,7010.33
6511,2521,2015-03-20,109,519,103,731,543.91,3887.31,836.36,5267.58
6512,2521,2015-04-19,3,651,710,1364,14.97,4875.99,5765.2,10656.16
6513,2521,2015-05-19,13,479,289,781,64.87,3587.71,2346.68,5999.26
6514,2521,2015-06-18,114,588,800,1502,568.86,4404.12,6496,11468.98
6515,2521,2015-07-17,77,423,243,743,384.23,3168.27,1973.16,5525.66
6516,2521,2015-08-15,67,706,448,1221,334.33,5287.94,3637.76,9260.03
6517,2521,2015-09-14,0,555,299,854,0,4156.95,2427.88,6584.83
6518,2521,2015-10-14,0,568,0,568,0,4254.32,0,4254.32
6519,2521,2016-03-09,244,539,348,1131,1217.56,4037.11,2825.76,8080.43
6520,2521,2016-05-08,0,370,271,641,0,2771.3,2200.52,4971.82
6521,2521,2016-06-06,0,216,291,507,0,1617.84,2362.92,3980.76
6522,2521,2016-08-05,59,512,201,772,294.41,3834.88,1632.12,5761.41
6523,2521,2016-10-03,0,382,490,872,0,2861.18,3978.8,6839.98
6524,2521,2016-11-01,0,329,208,537,0,2464.21,1688.96,4153.17
6525,2521,2016-11-30,72,496,335,903,359.28,3715.04,2720.2,6794.52
6526,2521,2016-12-29,12,1214,210,1436,59.88,9092.86,1705.2,10857.94
6527,2531,2016-12-16,190,4247,266,4703,948.1,31810.03,2159.92,34918.05
6528,2541,2016-08-22,132,490,40,662,658.68,3670.1,324.8,4653.58
6529,2541,2016-09-20,22,367,269,658,109.78,2748.83,2184.28,5042.89
6530,2541,2016-11-18,35,0,245,280,174.65,0,1989.4,2164.05
6531,2541,2016-12-18,87,640,420,1147,434.13,4793.6,3410.4,8638.13
6532,2551,2016-10-25,0,79,0,79,0,591.71,0,591.71
6533,2551,2016-12-22,4,45,0,49,19.96,337.05,0,357.01
6534,2561,2015-05-01,137,284,322,743,683.63,2127.16,2614.64,5425.43
6535,2561,2015-06-29,27,524,308,859,134.73,3924.76,2500.96,6560.45
6536,2561,2015-07-29,87,554,307,948,434.13,4149.46,2492.84,7076.43
6537,2561,2015-08-27,82,0,227,309,409.18,0,1843.24,2252.42
6538,2561,2015-09-26,0,565,534,1099,0,4231.85,4336.08,8567.93
6539,2561,2015-10-26,0,462,284,746,0,3460.38,2306.08,5766.46
6540,2561,2015-11-25,160,463,356,979,798.4,3467.87,2890.72,7156.99
6541,2561,2015-12-25,0,889,305,1194,0,6658.61,2476.6,9135.21
6542,2561,2016-01-23,0,714,0,714,0,5347.86,0,5347.86
6543,2561,2016-02-21,88,555,356,999,439.12,4156.95,2890.72,7486.79
6544,2561,2016-03-22,0,1395,294,1689,0,10448.55,2387.28,12835.83
6545,2561,2016-04-21,99,411,273,783,494.01,3078.39,2216.76,5789.16
6546,2561,2016-08-16,37,495,349,881,184.63,3707.55,2833.88,6726.06
6547,2561,2016-10-14,128,452,148,728,638.72,3385.48,1201.76,5225.96
6548,2561,2016-11-12,106,510,391,1007,528.94,3819.9,3174.92,7523.76
6549,2561,2016-12-12,0,524,385,909,0,3924.76,3126.2,7050.96
6550,2571,2016-04-17,10,529,310,849,49.9,3962.21,2517.2,6529.31
6551,2571,2016-07-13,0,439,281,720,0,3288.11,2281.72,5569.83
6552,2571,2016-08-11,67,559,103,729,334.33,4186.91,836.36,5357.6
6553,2571,2016-12-07,65,324,273,662,324.35,2426.76,2216.76,4967.87
6554,2581,2016-06-12,537,551,183,1271,2679.63,4126.99,1485.96,8292.58
6555,2581,2016-07-11,500,581,917,1998,2495,4351.69,7446.04,14292.73
6556,2581,2016-08-10,532,647,224,1403,2654.68,4846.03,1818.88,9319.59
6557,2581,2016-09-09,392,626,210,1228,1956.08,4688.74,1705.2,8350.02
6558,2581,2016-10-08,556,641,116,1313,2774.44,4801.09,941.92,8517.45
6559,2581,2016-12-07,439,623,0,1062,2190.61,4666.27,0,6856.88
6560,2591,2015-01-24,0,209,12,221,0,1565.41,97.44,1662.85
6561,2591,2015-06-19,0,103,62,165,0,771.47,503.44,1274.91
6562,2591,2015-08-17,0,79,94,173,0,591.71,763.28,1354.99
6563,2591,2015-09-16,0,0,137,137,0,0,1112.44,1112.44
6564,2591,2016-01-12,3278,22,19,3319,16357.22,164.78,154.28,16676.28
6565,2591,2016-05-10,0,96,38,134,0,719.04,308.56,1027.6
6566,2591,2016-06-09,0,1011,63,1074,0,7572.39,511.56,8083.95
6567,2591,2016-08-07,12,27,170,209,59.88,202.23,1380.4,1642.51
6568,2591,2016-09-05,139,38,0,177,693.61,284.62,0,978.23
6569,2591,2016-11-02,49,32,57,138,244.51,239.68,462.84,947.03
6570,2601,2014-12-27,0,475,328,803,0,3557.75,2663.36,6221.11
6571,2601,2015-01-26,108,535,0,643,538.92,4007.15,0,4546.07
6572,2601,2015-05-25,0,574,0,574,0,4299.26,0,4299.26
6573,2601,2015-06-23,0,529,219,748,0,3962.21,1778.28,5740.49
6574,2601,2015-08-21,362,431,324,1117,1806.38,3228.19,2630.88,7665.45
6575,2601,2015-10-18,146,455,252,853,728.54,3407.95,2046.24,6182.73
6576,2601,2015-11-17,0,492,341,833,0,3685.08,2768.92,6454
6577,2601,2015-12-17,102,463,414,979,508.98,3467.87,3361.68,7338.53
6578,2601,2016-01-16,16,399,0,415,79.84,2988.51,0,3068.35
6579,2601,2016-04-14,73,521,254,848,364.27,3902.29,2062.48,6329.04
6580,2601,2016-06-11,54,567,295,916,269.46,4246.83,2395.4,6911.69
6581,2601,2016-07-10,30,309,310,649,149.7,2314.41,2517.2,4981.31
6582,2601,2016-09-06,74,1052,0,1126,369.26,7879.48,0,8248.74
6583,2601,2016-10-06,164,539,321,1024,818.36,4037.11,2606.52,7461.99
6584,2611,2016-03-31,522,569,233,1324,2604.78,4261.81,1891.96,8758.55
6585,2621,2014-12-14,0,102,47,149,0,763.98,381.64,1145.62
6586,2621,2015-02-12,67,78,35,180,334.33,584.22,284.2,1202.75
6587,2621,2015-03-14,0,70,0,70,0,524.3,0,524.3
6588,2621,2015-04-13,72,45,162,279,359.28,337.05,1315.44,2011.77
6589,2621,2015-05-12,36,42,1010,1088,179.64,314.58,8201.2,8695.42
6590,2621,2015-08-10,68,61,0,129,339.32,456.89,0,796.21
6591,2621,2015-11-06,0,137,38,175,0,1026.13,308.56,1334.69
6592,2621,2016-01-04,0,43,70,113,0,322.07,568.4,890.47
6593,2621,2016-03-04,0,134,0,134,0,1003.66,0,1003.66
6594,2621,2016-05-02,59,196,56,311,294.41,1468.04,454.72,2217.17
6595,2621,2016-06-29,0,84,59,143,0,629.16,479.08,1108.24
6596,2621,2016-07-29,0,64,61,125,0,479.36,495.32,974.68
6597,2621,2016-09-26,4,101,75,180,19.96,756.49,609,1385.45
6598,2631,2014-12-26,0,81,71,152,0,606.69,576.52,1183.21
6599,2631,2015-01-24,0,40,71,111,0,299.6,576.52,876.12
6600,2631,2015-04-23,1072,26,0,1098,5349.28,194.74,0,5544.02
6601,2631,2015-06-20,0,114,24,138,0,853.86,194.88,1048.74
6602,2631,2015-08-17,0,4759,0,4759,0,35644.91,0,35644.91
6603,2631,2016-05-06,9,74,0,83,44.91,554.26,0,599.17
6604,2631,2016-06-05,41,0,12,53,204.59,0,97.44,302.03
6605,2631,2016-07-05,0,49,0,49,0,367.01,0,367.01
6606,2631,2016-10-02,0,0,49,49,0,0,397.88,397.88
6607,2631,2016-11-01,0,361,131,492,0,2703.89,1063.72,3767.61
